2169 100
0 4081 33 1217 71 3626 48 3890 61 18344
0 4958 79 12080 16 10098 17 17854 20 555 93 2059
0 2314 62 10692 26 12057 50 3435 82 6647
0 3292 41 3597 25 2228 0 3750 73 14234
0 5890 72 1986 92 23952
0 7210 90 8968
0 11369 99 5107
0 1686 9 680 80 7103
0 10770 42 1641 8 424 61 1990
0 14047 90 540
0 13669 61 2893
0 7155 62 2123
0 11275 11 82 3 21491 8 11616 15 10366 99 17262
0 580 87 17709
0 13033 31 295 96 8562
0 3320 21 5498 97 147
0 13789 48 11660 17 5016 29 7278 79 5962
1 6032 75 5429 0 10161 67 34
1 19204 62 7001
1 8074 82 129 43 845 31 564 62 2894
1 7778 79 1916
1 2182 52 14382
1 2580 42 5347 18 7731 52 7322 97 2209
1 6658 50 4022 95 33852 75 47 40 6816 62 6346 47 7352 89 1150
1 4575 62 1179 36 714 61 8545 26 4827 52 3465
1 5463 11 4515 91 9725 34 1962 85 2050
1 162 3 15664 78 7941
1 5945 67 3413
1 9 36 2613
1 69 9 387 54 725 98 116
1 1624 9 3537 44 7525
1 4388 90 1858
1 2298 10 5 76 4717
1 1559 5 9392 88 2155
1 7605 66 4264 60 2246 92 5028
1 5936 91 15613
1 6727 26 433 68 281
1 12009 96 14859 75 13538 53 544 42 14727 21 7823 25 6773 48 9355 83 4124
1 1260 35 21516 36 11843 45 7379 77 3422
1 351 31 133
1 6314 42 6157 83 13986
1 1055 29 3281 70 2922
1 3607 50 4246 48 7027 92 4711
1 19715 61 503
2 7849 21 9578 4 230 35 1154
2 4229 34 2055 41 2345 54 5498 66 360
2 1450 89 1287
2 753 81 437 94 10371
2 4889 98 2792
2 10461 88 17596 20 3739 83 5185
2 4971 60 7812 24 15919 40 609 49 3066
2 6225 14 1718 3 7886 1 8525 22 278
2 642 82 7579 69 1138 24 3544 7 13989 17 9722 12 4347 39 4788 17 4311 30 4323
2 2811 69 1499
2 6149 17 303 72 7361
2 915 61 11268 42 2935 61 12276 1 627 86 534
2 619 68 17161 83 12089 25 1047 10 2960 27 9402
2 9034 86 2455
2 16185 98 27437
2 3510 68 27158 47 706 18 1099 91 5724
2 9969 42 4377 41 3362 99 614
2 11717 86 2244 35 5364 70 9394 94 3363
2 4121 23 13720 68 13383
2 10560 82 1763
2 33379 62 148 42 1113 85 6184
3 15368 77 2063 54 2944 81 5171
3 4173 97 21875
3 2500 48 1429
3 15744 31 10097 13 5710 31 2917 84 1103
3 1391 44 2730 40 1872 50 4286 53 1544 95 8565
3 4311 45 522 56 8150 43 17201 37 3566 24 14616 60 6142
3 5682 74 210
3 740 20 3458 12 1364 34 2145
3 1911 13 3913 90 1971 75 16870 28 381 84 9348
3 6559 51 753 5 14900 50 5580 42 379 66 7529
3 3887 78 1121 50 5723 47 2833 35 293 3 1064 61 8410
3 1478 14 6009 86 2926 77 7023 82 14019 50 1392 41 10840 87 3037
3 299 86 46
3 3803 37 5015 28 398 78 1090
3 8330 12 9369 92 14164
3 8263 73 6465
3 61 36 1720 31 36 74 73
3 8683 43 4016 48 7870
3 205 82 3918
3 7617 75 14836 99 8121
3 11046 23 297 83 8369 49 7425 30 9872 28 11022 53 12994
3 163 14 195 34 7087 16 13259 0 917 16 998
4 6419 10 12359 33 1601 77 7503
4 4065 44 379 11 11505 93 8605
4 2960 77 1167 88 1491 21 7565 89 12505
4 2212 37 6906 88 904 65 5011 91 264
4 860 78 3512 27 1857 72 4339 30 6080 98 2399
4 2752 2 14153 11 556 89 2377
4 4500 33 2355 25 517 4 7889 98 115
4 2148 61 4344
4 2646 81 1103 54 10759 70 1864 35 2094 25 4691 52 7634
4 5596 92 580
4 1805 83 891
4 3513 49 1625
4 1330 0 6612 62 11363 17 12776 23 711 25 10777 67 6531
4 4849 39 1924 29 1794 6 821 99 6184
4 11228 2 19245 5 37580 74 8585
4 15499 57 11249 76 1635
4 3058 1 15606 12 48641 29 3600
4 20995 96 5817
4 6558 27 2018 60 225
4 11636 27 4517 87 519
4 1162 17 5593 84 704
4 1351 94 2304 39 8680 15 19389 19 3107 13 1180 98 27203
5 11637 71 12468
5 6220 16 3649 31 673 26 12080 47 3689
5 680 82 2443
5 6790 67 1445
5 16502 17 1781 6 2465 95 514
5 3919 36 209 72 12971
5 910 27 8432 14 4314 39 7624 0 1250 91 12788
5 1502 20 1320 82 5228
5 7517 36 2776 74 259
5 1732 64 114 74 1492
5 5597 0 1993 97 3464
5 24087 7 5009 71 510 85 21057
5 4396 3 4542 92 1335
5 306 71 591 79 2259 82 603 86 3557 74 2044 11 4324 74 23617
5 3566 32 12125 84 3110
5 3084 60 2744
5 13453 80 5467 12 12851 19 695 99 6684
5 2897 80 7824
5 23581 96 9526 45 6174 88 3218 25 2557 15 894 2 5426 92 2619
5 9105 97 8004
5 3478 75 591
5 9103 88 10208
5 570 47 589 74 368
6 1586 94 1406 92 7712 27 27221 89 1948 46 4137 57 7755 14 11718 69 3363
6 3955 21 522 15 14756 41 11753
6 11191 8 3380 22 1492 56 5958
6 11463 20 2034 73 224
6 7445 40 4538 91 673
6 2078 49 4753 19 3336 32 9466 13 1305 78 11298
6 12075 35 1008 19 4815 20 5094 28 18535
6 5139 24 3478 75 8211
6 14844 9 593 58 258
6 15349 33 771 93 6855
6 5293 94 3900
6 1064 30 2350 60 5780
6 2866 88 2720
6 2959 14 16314 62 23026 65 643 22 2163 20 264 42 6680
6 5688 99 3028 12 3714 88 9634 10 12347 37 2056 89 209
6 1032 98 2500
6 11226 32 7234 15 26168 91 913
7 583 83 676
7 10960 88 9700 42 4756 7 2236 6 9062 95 1627
7 7182 26 17235 96 5632
7 2830 12 5776 94 9587 34 3127 53 1700
7 9104 62 5006 98 6153
7 2750 46 8252 80 14783
7 1217 65 329
7 288 79 847 39 7845 33 6631 30 3901 57 1553 20 4269 0 23181 66 1757
7 830 76 10995
7 7042 59 908 12 398 87 621
7 7411 40 4462 52 23465 64 9485 18 3139 38 8245 78 9417
7 4260 71 3472 44 9230 54 245 17 12661 5 5776 96 16528
7 12651 72 3849 5 2809 29 6457 7 8569 22 1584 77 19389
7 2114 33 20384 26 6369 20 7852 36 4182 16 895 60 8556
7 2303 19 1220 86 223
7 2305 46 368 17 2704 90 7085
7 2254 64 5850 58 65 69 9053 49 518 46 8576 17 3247 42 436 56 8472
7 8602 47 9288 98 6952
7 1883 72 362 39 20302 78 3010
7 24406 62 1884
7 1183 46 4096
7 13394 19 1014 59 24846
7 6155 1 876 10 2938 6 2097 25 2762 66 5560
7 253 54 17398 60 1140
7 370 22 4266 34 5663 31 1199 51 5676
7 9766 91 8351
8 2360 71 4340
8 8463 60 1302
8 2993 47 1009 27 8090 24 16776 96 103
8 406 86 7841 1 3741 96 759
8 7552 56 17845 8 15545 80 1405
8 18262 22 5127 29 15242 45 15229 70 5705
8 884 86 722
8 4681 80 1261
8 2350 10 4287 11 11689 59 474 53 5876 34 2360 27 15237 43 6160 62 827
8 17328 91 1155
8 1170 1 2989 68 4027
8 3922 38 4164
8 28389 78 32125 0 5056 79 11065
8 5621 57 3839 84 2319
8 4300 50 230 62 727 95 3738
8 1030 86 5422 46 9013 22 5631 40 6975 89 5300
8 776 83 827 7 8029 6 3104 53 6376
8 3210 32 1508 77 4597
8 159 12 3922 24 2477
8 797 38 15527
8 5347 47 3687 11 3908 81 15441
8 3920 86 6895
8 5293 19 461 51 8444
8 1378 54 17760 44 832 89 432
8 1668 39 5432 87 6516
8 1886 94 6738
8 1905 90 4897 78 9005 43 4792 75 2090 26 9795 67 139
9 1366 43 827 94 930
9 6480 53 4071 64 672
9 5064 41 1456 62 1558 90 2925
9 2485 41 3791 87 20180 46 5854 65 36 1 5320 86 10365
9 11977 15 2775 74 388
9 8276 95 18827
9 5094 1 24211 56 9564
9 8518 75 3157
9 6759 35 1382 12 2528 22 9087 55 1551
9 10027 45 2655 82 20845 92 5
9 9169 57 1887 91 1485
9 5982 12 3538 48 8186
9 95 84 12860
9 15032 58 16945 44 8322 56 8573
9 521 57 1645 69 5834
9 6452 47 6274 25 8724 52 1556
9 5134 42 7666 16 1600 99 5681
10 13928 72 5109 11 684 99 1144
10 56 79 16093 2 3648 8 2596 83 28469
10 7131 79 15738
10 1648 45 1104 10 7939 51 4522 49 11496 5 8762 32 4115 77 1099
10 8206 45 15430 93 4961
10 1311 15 6578 14 22694 93 3208
10 11350 7 5658 82 4743
10 5846 6 2335 86 3722
10 640 2 9032 5 8971 87 2650
10 1735 3 746 83 29
10 2997 41 10101
10 7795 84 2495
10 697 57 20825 31 4584 28 33377 26 1236 85 5350
10 9771 80 9942
10 15272 42 1012 90 1646
10 5995 86 5049
10 6390 85 1073 51 9788 98 49
10 912 70 3689
10 1028 65 8944 80 12212 41 7776 11 4887 74 3603
10 2822 84 1761
10 2769 40 30686 63 2497
10 4308 23 12428 12 46 11 340 9 5516 46 16028 41 5564 33 6896 87 2242
10 7307 37 8532 88 661
10 775 37 1860 27 2439 94 1656
11 6617 18 1132 36 9630 98 5115
11 15025 17 3784 31 8628 8 557 69 11063
11 6941 4 934 30 792 89 1876
11 11528 1 3710 20 5747 13 3122 94 1125
11 4904 50 5177 35 946 30 8867 79 27557
11 1329 58 7411 8 3521 81 30242
11 23701 73 574 25 549 6 7890 83 35
11 11947 81 11398 91 2032 43 440 65 9086 53 1492 42 1001 40 12117 58 161
11 2621 88 3326 44 2236 20 1214 50 5083 14 963 9 5683 65 8174
11 5220 42 1029 57 1005 50 7966 90 4715
11 156 53 2249 94 5791
11 15935 77 4737
11 1223 77 4073 32 2139 52 933 80 2026
11 8211 2 2132 0 8864 48 1382 36 3927 83 7522
11 897 68 548
11 1636 49 4263 52 7945 78 3125
11 12872 75 10997 42 1701 3 2421 43 2920
12 23275 89 3987 92 3816 0 1087 16 593 68 12715
12 993 71 4022 18 1020 67 2906
12 2166 65 4342 25 9622 12 3208 0 5504 47 2888
12 3604 4 729 35 13823 49 290 15 3297 64 3954 61 3768 22 4792 8 4598 15 10025 16 5293 68 3604
12 5246 64 3196 73 1533 45 5584 75 13502
12 1091 42 651 26 2606 5 422 60 8776
12 14009 34 5953 39 3764 18 732 56 2243
12 7505 39 10570 94 4367
12 5258 11 5327 13 3148 60 10626 10 34 68 3643
12 4899 13 607 94 1410
12 6166 78 408 41 9126 99 155
12 480 35 1885 29 6093 32 275 56 2996
12 7282 45 1242 71 1397 85 2935
12 12934 71 3845
12 2052 91 7775
12 982 32 5005 69 14956
12 3884 25 1800 76 497
13 3986 32 23772 43 11260
13 7622 2 3927 11 15915 8 7915 16 10723 5 8114
13 11419 44 98 59 4999 66 4509
13 1676 38 85 52 14333 76 7501
13 8268 97 4083 50 13357 48 1460 94 13554
13 4709 49 4941 39 26901 14 493 61 1560
13 698 18 466 10 4505 62 20833
13 7046 45 2595
13 5428 67 6509 95 9036
13 742 54 475 66 6061 45 1114 4 18926 93 679
13 2938 67 1423 71 663 45 1989 54 13140 70 3516
13 607 55 24850 76 2395
13 924 27 21807 78 14920
13 304 15 13307 21 29218 9 6004 82 4228
13 247 54 255 6 2142 84 8328
13 7714 14 1713 69 2512
13 1205 74 2174 15 4057 85 4784
13 6112 23 6019 36 317 51 9746 63 665
13 8875 95 2489
13 8924 81 2 7 334 37 3533 58 20023
13 533 74 9460
13 2502 17 5490 58 1427 32 1402 10 2999 83 3526
13 15910 76 4401
13 4937 79 919
13 678 5 7496 27 2068 31 5786 14 14935 84 4032
13 2853 8 1040 61 9437
13 478 20 565 36 10108 99 4704
13 4980 1 20261 57 68936 96 15562
13 27314 59 18001 40 6092 99 15551
14 448 72 5748 34 6788 93 1635
14 9368 12 16623 44 8342
14 3546 3 14 53 3277
14 1506 58 28477 92 2284
14 12314 89 1700 23 5166 80 1868 13 7605 95 3651
14 9667 47 1643 11 9826 1 8033 75 28825
14 3870 45 8831 26 19172 24 2789 62 3611
14 2689 67 365 49 9303 52 21 75 1546
14 24087 33 3036 80 3334
14 3921 66 5315 14 3722 42 3680 68 6396
14 28607 60 8402 30 2930 25 1988 83 19113
14 5281 87 917 86 3831 12 4934 69 1902
14 2257 17 7331 43 4359
14 1930 17 3070 32 4029 96 1633
14 5752 34 5763
14 6294 65 4310 15 27602 39 2267 6 665 35 6476 60 523
14 1050 44 1343
14 1789 65 1317 92 10967
14 5863 56 1523 86 4267
14 2271 34 288 48 2337 62 9018
14 1105 62 4577 72 4895
14 3510 7 4444 54 6161 80 375
15 1726 37 4051 51 12248
15 6056 44 1391 57 2762 74 796 40 3687 17 15126 37 15933 76 10394
15 2520 26 8342 33 257 55 2934 50 7222 58 354
15 4658 83 731 85 13844 48 2123 4 2048 14 23702 94 474
15 456 85 3028 90 1785 36 578 83 2003 39 2786 38 3308 39 462 35 20234 82 277
15 1618 64 952
15 5642 61 11803 28 1457 49 8501
15 1453 13 9671 30 4681 57 485
15 4644 84 9733
15 2052 56 2756 67 11911 51 7609 81 7021
15 15824 5 3071 49 690 34 14590 18 581 3 14268 61 4409
15 9195 67 11590
15 5594 37 16816 9 3972 52 6671 13 939 64 16802
15 290 29 7007 98 615
15 19162 43 320 39 1741 67 3677
15 5794 2 3006 12 2975 66 11185
15 8399 51 20436 1 1210 89 11825
15 242 19 2804 37 11628 18 8115 81 2943
15 7096 94 5409 20 1726 49 1820 29 14397 36 9888 46 2854
15 1156 85 9307
15 6335 73 3328 44 2965 48 8438 36 4265 86 16113
15 9979 67 3142
15 17542 0 7713 83 1519
15 38460 30 10811 96 2512
16 3856 19 12463 17 2142 88 17301
16 1192 84 25964 52 11477 66 3786
16 1575 99 2842
16 1376 97 13077
16 26119 4 4351 48 1114 27 373 17 5862 80 19806
16 15286 69 18884
16 1124 80 7473 97 1321 60 5999 24 394 87 2853
16 4400 50 3728 61 206
16 20662 54 2066
16 5484 72 821 47 1210 9 11505 80 2260
16 1981 9 3496 40 952 25 2288 68 3842
16 581 97 6341 74 1929 87 5847 11 1750 60 9128 31 1290 61 14013
16 10641 65 6893 58 4696 87 322
16 6601 57 1920 56 9547 52 657 61 2742
16 2734 62 8765
17 4273 32 11410 78 10610
17 5227 96 857
17 7783 64 8115 23 3100 47 492 12 2040 38 3710 20 900 4 5343
17 15583 24 6251 78 11414 47 3051 90 1418
17 11826 96 101
17 812 47 8819 58 8802 21 2878 33 10671 58 3173 8 5944 40 1044 17 450 60 4578
17 2502 6 10428 34 10829 99 11340
17 11363 31 1906 87 627
17 306 55 7158 8 6072 58 3267
17 8385 79 550 21 4470 93 4065
17 7357 59 4919 41 1123 20 3138 43 653
17 18120 60 3176 99 696
17 1810 46 999 95 239
17 8176 99 2492
17 7668 31 6799 98 821
17 5543 92 211
17 418 5 1627 36 4618 98 15082
17 13577 52 5654 95 145
17 2953 13 2543 93 7989
17 1672 64 5412
17 692 73 437 31 7584 94 8132
18 967 31 4863 65 14217 18 1803 46 10658 63 6906
18 5019 46 2827
18 5172 75 12236 76 1833 92 5362
18 3901 15 4306 54 309 99 7229
18 1526 43 14697 55 15513 10 5993 74 3618
18 28838 28 2746 77 2532
18 1348 90 1697 54 2712 4 1888 49 9942 74 80
18 438 98 3387
18 12004 64 12334 80 7219
18 497 45 3484 68 1805
18 4569 70 12080 88 746
18 5057 68 6638 46 8669 99 3579
18 9613 81 13686
18 4539 8 6673 1 2413 90 722
18 1254 67 7654 80 316
18 4972 98 3741 97 1093 89 5729 95 672 71 356 11 4367 42 8674 73 1831
18 11443 24 7032 8 1989 56 12740
18 7268 34 15619 27 9878 7 142 60 3356
18 11674 36 4400 35 962 29 13857 74 6233
18 4193 74 10625
18 1216 69 3631 94 7951
18 693 15 944 36 170 67 766
19 10045 49 5033
19 794 42 21836 16 17391 12 4975 18 5853 2 7926 50 2260
19 3094 97 7518
19 3493 94 10190
19 23186 56 1093
19 215 79 1493 87 2504
19 1179 42 8216 63 2423
19 4111 85 4913
19 2884 94 4341
19 17115 72 23218
19 1369 1 12200 84 843
19 1523 39 5668 76 3085
19 17254 38 16754 63 13202
19 18157 8 7075 69 1553
19 690 28 11264 25 3851 22 7341 45 1982 96 4462
19 6072 58 4299 88 6413
19 968 88 467
19 2058 17 3639 20 623 9 7764 35 1532
19 6636 15 10498 8 2777 92 327
19 6510 12 4628 66 3860
20 2171 31 8193 62 3004
20 4297 83 6574 12 597 62 6081
20 8634 35 19593 55 11932
20 1326 16 9938 39 2302 96 14877
20 202 97 689
20 6863 19 2264 49 6715
20 10593 53 1182 37 25 71 3443
20 3710 90 292
20 3868 80 14895
20 273 7 10657 77 905
20 553 30 6650 80 1962
20 10222 70 1675 67 13794 29 4620 99 35699
20 7677 93 5522
20 3893 31 15 50 6419
20 2933 54 182 61 6531 31 1073 76 4821
20 1950 2 1152 77 3521
20 5433 47 6112 97 1882
20 14846 88 17177 14 1993 86 21381 75 1662 16 1656 80 2867
20 305 30 4525 34 3610
20 8159 22 6202 50 13445 84 3742
20 4592 8 4618 52 1334 6 431 43 1909
20 305 30 3161 31 5926 76 6846
20 6309 65 21956
20 3533 65 2908 89 1808
20 1691 69 10515 99 1088
20 13853 62 23573
21 10164 3 11552 58 19672
21 6962 56 6258 24 763 13 1709 43 9485 64 7230
21 11359 34 6060 63 542
21 151 17 5680 97 1957
21 1945 68 9183 90 6847
21 58 7 4747 82 5490
21 19252 69 4867
21 6847 71 535 63 3287 64 105 53 9552 64 21760
21 8147 67 680 1 11185 5 6068 31 957 80 6366
21 3643 41 18768 89 1733
21 10036 53 7481
21 6262 77 2667
21 3557 87 3767 31 183 2 6655 56 7056
21 10532 12 7267 83 2600
21 13598 27 4983 25 564 94 346
21 1908 71 8203
21 15170 94 9216
21 7357 84 11832
22 4021 90 15888 77 3982 38 2349 20 9184 63 14353
22 13557 71 17752 44 3963 87 16046
22 1816 41 1511 91 10593
22 3498 40 1634 67 8522 77 2818
22 5939 8 653 17 7838 34 4754
22 935 10 3197 37 16958 90 1341
22 11099 50 1861 90 5909
22 12207 26 12611 48 8415 36 5402 85 638
22 7632 45 9421 13 238 8 14380 14 3667 73 1185
22 5826 9 22982 35 1816
22 585 56 7576 37 5662 82 1823
22 9097 87 10193 31 633 30 8704 38 231 36 1263 38 628 84 818
22 766 36 9865 96 854
22 1744 5 10488 38 3723 68 989
22 7337 49 11860 3 6942 51 4822 32 5237 97 168
22 5060 86 544 46 3348 43 8756 26 3951 89 5228
22 1962 88 1347
22 2601 96 519 83 5243 89 2948
22 128 41 4454 10 25906 24 1277 77 708
22 2435 18 1223 66 1637
22 13074 85 7421 2 1227 13 12664 79 16070
23 2676 18 9120 14 161 62 3084 31 7981 98 4458
23 10106 32 840 2 8612 88 4669
23 15520 73 11664 69 16706 6 1022 69 4036
23 3735 9 635 39 654 54 107
23 3052 90 2735 67 2903 89 6326 65 769 34 7156 30 3035 57 6830
23 34 55 7337 61 6494 1 5794 69 3626
23 3708 66 817 63 7565 8 5944 11 2997 45 888
23 1028 12 1296 11 1026 1 5273 50 7744 23 36226 64 26668
23 15379 67 664 62 3476 98 10059
23 18038 33 624 89 834
23 8876 2 6102 23 22165 31 2043 66 1755
23 17118 75 4643 71 1399 49 3536 7 8466 98 1461
23 4452 11 10026 20 4065 32 11010
23 1347 44 5160 43 4181 76 247
23 9736 21 19249 72 7736
23 426 46 9189 7 7745 38 794 5 1405 44 5387
23 4447 14 3288 19 2187 81 10083
23 1016 97 1592
23 15015 98 5077
23 12468 25 13746 2 12693 67 10578
23 2536 4 1139 76 2017
24 2638 82 367 21 567 4 5876 79 8922
24 28519 53 3380 43 3457 65 6036 30 3252 23 13356 95 4253
24 25531 87 9955
24 6039 67 10385 74 33676 37 456 18 4021 71 5760
24 15256 91 1088 41 1111 51 3709 0 2788 99 14114
24 9334 23 14771 98 1520
24 2625 20 6745 3 5971 54 5689
24 992 63 1991
24 213 65 14478
24 5731 12 1768 44 9849
24 212 66 3211 5 10370 48 13232 23 5403 46 837 10 1402 26 3092 29 7691
24 3336 40 6531
24 5049 45 433 66 692 27 9840 21 3992 20 8403 78 25189
24 2594 1 13226 74 2499
24 2929 83 10808
24 1748 80 3024
24 6323 28 12169 55 6066 94 6086
24 5741 87 1574 4 3404 57 629 0 4290 4 4034 10 3914 48 2024
25 921 13 2440 43 1626 70 5386
25 4290 89 6541 77 3772 14 6706 94 3738
25 6251 24 2318 37 24623
25 2602 40 1017 81 7268
25 4556 21 744 47 10581 48 507 89 11098
25 2682 40 5675 61 908 8 2170 31 5323 2 11803 18 931
25 1569 27 2541 70 10491 49 1386 76 1824
25 3543 97 463
25 1309 49 19310 58 11646 84 8042
25 3527 44 1562 90 9324
25 543 27 10430 21 8609 48 12018 1 3655 7 10344 94 8435
25 8051 30 2713 10 6256 41 43 45 4532
25 8674 26 5047 8 24445 87 13807
25 1080 94 15596
25 159 44 6083 65 16851 33 658 17 4048 39 3560
25 5253 65 2468 32 4465 53 4274 73 4748
25 1014 73 623 81 19316
25 9296 5 15019 41 383
25 1635 67 4539 97 933
25 8119 12 2509 36 6974 63 3028
25 5986 39 1894 87 9292 33 1737 15 2 63 786
25 484 69 6833 15 4134 89 701
25 20219 3 24513 61 9852 59 37106 50 928 10 4907 63 536
25 10207 28 1299 39 1260 50 1310 51 17989 91 14918
25 23933 24 6028 91 11695
26 2074 78 6959 20 5249 89 700 17 354 26 4069 0 9869 73 15329 50 5602 33 9217 35 2582 2 3571 88 5502
26 9927 87 11919
26 2714 43 902 73 4546
26 6935 89 96
26 14 58 20346
26 8981 79 1474
26 7335 33 4656 97 598
26 13275 60 2406 99 1681 0 3329 35 3849 31 2522 66 6445
26 3682 85 9163
26 18251 25 19300 42 18855
26 14160 43 611
26 2583 86 16443
26 3111 55 11085 7 439 78 10553
26 5820 63 2727
26 6180 97 1229
26 7763 5 7106 1 90 31 3813 95 553
26 2583 85 670
27 299 87 12440
27 6810 15 14295 3 4779 95 2356
27 7390 51 3688 99 10971 17 16848 96 6167
27 2708 36 1949 43 10805 11 5557 34 3617
27 15244 90 2779 53 9648 2 552 33 7225
27 1566 14 4231 95 16327
27 18452 36 5110 98 14675 73 5090 49 1638 20 215 1 3988 61 3893
27 5380 58 4701 27 3352 1 7079 27 15661 32 1306 46 5517
27 1678 23 3433 15 8280 26 6871 59 9125
27 1643 13 3626 50 2601 90 2827
27 597 99 6149
27 1803 99 6483 89 13946 16 4990 6 10244 77 252
27 21955 24 3479 77 4543
27 1532 80 5285 45 13864 71 797
27 8667 65 3584 32 7556 22 13574 37 1657 54 11322
27 28 72 4780 78 7017 87 555
27 3372 40 4610 93 6215 64 816 36 4331 99 14371
27 12104 81 6302
27 3081 69 3854 19 3794 35 2830 72 5031
27 1633 30 3036 5 363 51 13772 32 5772 60 3583
28 2339 39 14092 3 29849 45 10716 22 14400 83 7303
28 2208 63 2248 33 1357 9 1130 27 99 2 11472 3 10938 97 5391
28 795 71 549 46 685 64 3960 79 25830
28 5600 92 17375 43 4109 51 15331 47 4410 29 9453 80 5202
28 4801 25 5538 89 1111 4 3829 79 4566 90 14822 4 8548 66 634
28 5124 2 1895 67 2742 19 3353 49 3291 66 498
28 8043 38 6177 51 2747 44 755 52 2780 5 2427 26 8004 43 1715
28 104 46 7588 33 2657 82 1682
28 5863 48 2064 71 711 45 32706 62 1955 23 2275 8 19724 51 3974
28 2346 76 9526 91 3921 53 2806 19 18922 3 2570 90 604
28 2351 52 24039
28 575 52 4293 20 3138 22 324 14 3332 64 3716
28 388 56 1381 28 788 72 10849
28 286 87 2153 73 1589 72 620 87 1803
28 817 23 8224 69 481 74 3307 82 1937
28 6377 36 7872 26 2701 78 2035
28 1634 65 7492 71 4229 48 1644 63 9288 72 2659 97 2973
28 4047 25 729 0 9764 21 15033 24 2624
28 21925 55 14100 91 6074
28 7680 56 3550 90 17811
28 3641 14 606 90 12119 95 3243 34 707 91 1255
28 6941 16 2329 74 1685
28 13429 67 1352 52 14925 67 10930 92 7934
28 12050 29 220 55 3415
28 2892 27 4525 67 8516
29 4817 97 18669
29 30060 69 1513 63 8066 9 4217 78 138
29 4401 66 575
29 3663 32 9215 93 5388
29 8958 75 3114 44 5315 92 16189
29 1657 47 172 78 9589
29 7150 34 105 9 1650 95 8927
29 14961 38 3385 79 16553 83 1062 57 3191 42 3115 43 6477 76 4591
29 32187 37 7028 16 5295 54 1062 96 14110
29 3702 17 2604 87 6063 89 1333 14 7859 86 838
29 25014 56 6200 95 8012
29 6892 43 11914 23 3727 1 6164 54 5484
29 9230 7 6937 82 7825
29 2385 52 2824 79 2849
29 6730 26 5058 42 3826
29 2347 22 3247 63 1604
29 5524 45 12354 38 5632 47 10847
30 11345 39 12745 46 3824
30 1320 12 205 77 6208
30 1104 59 11459 28 8919 53 7001 58 3467 93 6008
30 3960 76 2313
30 22697 56 12463 51 7609 69 4839 18 1541 84 1790
30 6368 53 11425 74 3991 50 1168 0 3346 26 1149 24 8007 66 3759
30 20392 86 1968 20 3508 24 6901 99 131
30 7637 65 8518
30 1356 51 2807 92 2023 56 3809 30 4046 67 28955
30 459 73 11079
30 11859 73 3551
30 3658 12 5422 8 340 73 9044
30 8539 7 2349 53 2336 68 7592
30 9155 78 15281 92 2215
30 148 71 22109
30 3700 90 5095
30 4025 19 1993 88 2138
30 14840 6 6190 58 1930
31 11279 56 4724 74 1175 3 4971 82 27773 85 762 90 7550 91 6744
31 4833 38 1746 80 10342
31 7315 98 2585
31 7031 14 13958 58 2682
31 11409 87 2439 80 4080 40 252 80 1004
31 8537 32 2342 10 9671 99 6374
31 1251 33 11827 57 2731
31 1441 3 4168 26 14314 95 2102
31 1806 74 5820
31 1757 63 1892
31 402 87 2544 41 9532 7 2043 54 8679
31 406 88 1291 19 3407 89 3129
31 15304 5 180 42 17615 20 1841 50 1855
31 8605 52 2552 11 9981 33 14159 19 10485 75 2972
31 981 33 985 76 3208
31 2909 45 1257 27 5159 51 7708 58 12684 14 3778 58 2440 31 21917 27 152 62 2301
31 210 52 11574 15 7960 13 12584 93 1861
31 6674 62 9765 89 9554 60 603 93 986
31 2464 15 5046 98 6499
31 289 20 1657 57 6566
32 5466 76 3618
32 15235 56 630
32 5121 3 7479 80 8329 49 2714 89 5883
32 1354 35 2315 40 1178 69 12126
32 8493 73 5926
32 385 56 384 86 7048 59 1082 31 233 11 2289 0 2314 94 3812
32 2717 48 1196 2 1425 66 5818
32 16657 48 4746 76 10258
32 5516 50 399 70 12445 61 18327 74 6056
32 953 33 4300 15 13276 57 3949 86 7307
32 644 73 376 1 3964 56 5768 11 6868 62 2896
32 6957 43 4452 93 4726
32 2406 33 14274 15 430 58 7158
32 648 57 1209 6 1059 84 18169
32 2524 28 96 12 1160 99 2305
32 10216 60 19522 86 1789
32 1264 14 2535 21 11964 48 5994
32 3000 91 15691
33 3948 18 10036 16 11584 86 781
33 7193 7 6401 60 387
33 4792 80 843 33 1432 18 8216 91 1596
33 12384 16 5701 6 1780 98 1988
33 6202 77 8599
33 3553 80 907 65 1226 2 1253 38 6694 90 7865
33 1955 72 2934
33 14857 14 1387 29 1902 47 4978
33 2165 92 3888
33 2002 63 2730 46 14833 83 4383
33 766 92 3890 66 3951 12 5564 25 4470 94 1525
33 164 7 1427 25 9272 6 9166 5 19981 35 8493
33 9121 48 157 31 713 82 7211
33 618 31 5546 42 8614 56 5338 42 574 80 5870
33 1812 84 24231 76 10748 92 10587
33 2607 20 4753 2 3333 31 305 36 518
33 4789 78 787 95 3544
33 14082 64 145 73 600
34 1639 72 8820 4 3017 78 2752
34 3863 89 79 98 19495
34 8634 41 2847 33 497 5 71 97 1819
34 1778 2 750 27 588 4 3627 53 5218 19 1695 70 1073
34 38068 64 3948 70 2901
34 4259 50 299 51 7709 34 9937 31 8821 62 4839
34 1830 48 3513
34 5602 18 13633 72 8698 45 581 1 6043 48 13809
34 9190 69 55 1 4621 20 1906 6 2971 56 8834
34 17913 95 1363 68 7774 58 3531 61 6098 37 3053 13 4675 3 6235 37 517 59 4496
34 121 95 1050
34 944 48 177 74 21648 30 1210 78 2171
34 1270 46 1766 17 10822 88 1303 93 1005
34 12239 87 3213 93 1141 25 3832 97 16174
35 11972 40 21248 83 100
35 1523 76 455 5 1958 82 125
35 7895 21 2118 53 4997 44 22120 39 4741 55 4395
35 9093 54 4012 73 13214
35 2611 4 755 83 3166
35 9546 71 5943 30 1884 63 2711 74 17613
35 2427 24 2259 15 13650 64 5167
35 554 16 10370 76 260
35 168 63 3616 42 242 79 3382 65 2713 61 13557 58 12386 54 4358 80 2222
35 12846 42 2843 81 3329
35 12708 8 4037 59 4273
35 488 21 6647 85 1013
35 13589 55 8147 17 24626 96 13
35 3867 12 815 1 3802 59 8025
35 14679 42 12858 39 322 76 10663
35 524 85 4920
35 1761 54 2622 14 1841 82 4193
35 6716 4 1613 41 8823
35 3618 54 3657 81 11120 34 36730 77 21236
35 1805 2 8160 27 2052 99 3008
36 12727 86 7684 90 6929
36 8993 12 26053 91 40
36 2911 45 15150 99 7423
36 7448 19 3662 77 1400
36 22806 43 1935 74 14276
36 17449 45 4275 89 4580
36 5255 90 7473 99 6464 19 29369 16 16071 50 6691
36 9379 40 8500 61 21950 29 1656 55 5579
36 2704 74 18169 92 2193 61 24607 99 7199
36 1972 45 3521 57 5128 33 2402 90 7399
36 9220 60 13382 2 7330 81 68
36 1296 65 1753 18 4104 50 4030
36 8073 6 9030 17 1534 24 4675 92 8445
36 4192 71 6847
36 45 73 130
36 2389 86 3333 17 8905 35 1016
37 4393 10 279 50 638 54 5377 24 19489 58 1563
37 170 32 8024 90 7140
37 2561 82 5089 46 1872 15 2640 76 1921
37 2100 36 1497 68 1736
37 15485 1 793 32 391 13 17353 29 3148
37 2765 96 131 4 3238 28 5756 19 1902 14 1110 97 1665
37 3089 95 6095 10 221 83 5660
37 7274 21 4200 27 2823 91 1852
37 573 10 10409 24 626 47 2571
37 561 41 2444 1 3188 11 249 16 5375 25 8245
37 4796 19 392 65 8517
37 2225 70 7778 29 2683 11 490 70 4006
37 5557 61 4614 31 3292 89 4021
37 1436 1 39 47 8907 11 608 40 10256 88 5024
37 726 71 2965
37 354 3 1205 22 1185 74 7070
37 15164 14 4426 98 9098
37 10742 8 11836 38 273 35 5616 91 4910
37 6333 3 11195 82 2096
37 109 38 6190 39 11163 72 3792
37 4909 73 674 40 534 89 7635
37 2510 94 6137
37 391 62 342 37 1201 11 6437 89 4601
37 4209 86 5537 72 4303 63 4436 66 13845 43 1708 51 1396 89 6663
37 29013 91 4680
37 11773 77 702 16 4382 80 3323
37 69 12 4749 56 3143
38 13867 3 19924 25 2480 26 4247 10 2465 22 15750
38 1791 35 10542 46 1593 26 4871 55 1675
38 4958 77 2386 25 23633 98 5543
38 3248 73 3058 32 6661 9 9701 41 14544 27 8125 56 4436
38 10887 76 6123
38 3604 36 1063 75 5009 91 5340
38 4598 82 5780 51 9958 52 9832 34 16183 67 15217
38 867 57 7308 40 6927 43 3834 12 2914 33 276 90 670
38 11006 57 6886
38 6870 70 316 64 2412 0 179 62 4623 75 4013
38 15035 47 4293 12 497 18 6200 39 13242
38 10088 12 21874 84 11873
38 20 16 3038 88 3659
38 9551 9 1476 25 740 69 7161
38 2723 60 15279 20 8333 64 2920
38 5654 98 11860
38 13432 76 7892
38 335 32 11165 91 8958 17 9462 8 3664 40 9255
38 3401 89 1216 83 194 1 19071 86 15914
38 15438 51 14416 35 1466 31 75 67 761
38 5074 92 18471
38 1420 94 761
38 1422 66 1125 30 9667 51 7293 82 7417
39 877 33 1560 67 13597 54 7565 25 9073 15 4503 6 12218 9 612 27 2101
39 1727 21 16207 60 454 90 4796
39 5110 45 6224 98 1771
39 3552 63 2167 28 4507 12 6529 20 3821
39 579 17 448 84 789
39 1396 74 12108 85 14658 34 3184 18 2073 58 6003
39 4537 41 15019 39 895 6 85 72 1408
39 5472 77 3714 96 1759 88 1590 2 2013 80 111 79 13601
39 99 38 7640 35 1394 85 8373
39 6527 63 7920 8 14803 32 2764 73 12250
39 148 83 2367 78 1351 1 2555 31 6548 79 5360
39 11543 14 1474 19 8090 9 1962 67 2941
39 12830 50 2462 26 3847 98 6818
39 10692 71 6382 80 12459 38 44045 35 12258 62 1607
39 1686 51 4313 73 19866 12 224 55 9925 76 2622
39 670 80 12633 60 4743 17 2326 78 262
39 14821 75 476 52 20186 82 6062 67 688 72 365 7 10523 6 5517 93 14757
39 387 87 1435 72 3512 49 6742 32 2690 18 731 63 4025
39 449 8 5907 99 13075
39 3741 53 1595 99 4509
39 4249 0 16342 35 406 36 2065 4 507 44 2696
39 18183 70 5522
39 3244 96 3938
39 4954 61 6196 90 5067
39 3236 21 6901 33 11700
40 919 28 5586 44 6061 21 4507 35 14569 62 2847
40 6320 54 1748 27 6833 64 8129
40 857 95 11919
40 1126 11 2406 53 988 33 9355 30 8581 3 3690 77 6980
40 12852 73 3884 43 3535 45 3525 20 3573 29 1816 71 22542
40 2789 38 3509 42 9692 78 8128
40 1002 44 1732 24 8232 75 2440 70 453 16 8027 30 11216
40 7946 35 12516 86 436
40 6050 85 2625 17 571 18 5739 16 3472 8 4473 58 7760
40 426 94 125 8 4503 0 1738 12 10049 16 3733 73 16248
40 11699 78 15764
40 8995 68 2445 23 472 64 5783 13 4306 71 3902
40 1785 15 201 49 13860 71 6507 97 11045
40 5491 5 1899 93 1329
40 2375 81 3037 28 3275 66 19771 15 6354 67 1102
40 2445 41 6129 91 358 82 1444 9 5816 6 1989 15 6866
40 8104 2 2471 47 4153
40 3479 31 3414 77 19908
40 21265 72 2178
40 1613 10 8304 13 2875 79 2891
40 5640 34 10871 95 3951
40 5083 45 4849 11 38555 79 6211
41 889 89 1476
41 739 8 1740 30 6365 43 779 44 13875 87 10584
41 15907 66 8170 20 4806 51 2943 74 686
41 19271 40 4836 39 5954 59 12597 19 312 41 7571 56 592
41 3243 7 688 3 1668 32 14721
41 1072 37 84 27 14836 37 10220 66 277
41 1283 8 1128 18 6871 94 10229
41 1969 98 899 61 9393 57 1572 45 908 78 5585
41 1723 30 3282 92 629
41 93 35 1285 45 771 99 3182
41 5738 16 141 95 14867
41 9565 47 213 83 2110
41 8454 40 8334 18 5738 30 5540 29 7650 42 11862
41 6561 86 380 2 15 19 2624 24 9325 95 10138
41 4654 85 4408
41 465 4 6946 74 3090
41 5699 20 1002 23 1020 60 731
41 4979 46 1273 96 1900
41 8010 46 4395 63 7977 44 1016 9 1215 32 1445 49 8192
41 5457 4 6646 62 12781
41 2283 38 7598 9 538 93 5153
41 10812 82 8307
41 675 67 419 51 4289 13 7350 23 2598 72 1129
41 6024 39 2838 70 2820
41 7174 36 4957 51 375 24 223 34 1771 96 3210
42 9700 27 4711 86 40137
42 1560 17 16965 14 15226 79 3751
42 1371 15 1179 72 20973 16 3541 68 11646
42 1464 3 6477 2 428 11 4857 55 5939
42 3959 95 10698
42 5750 0 8123 64 2169
42 4033 46 4249 35 3209 97 7135
42 3673 33 865 94 28541
42 7184 63 22750 51 5636 64 596 32 12841 34 23567 18 6295 26 789
42 2930 59 3785 91 1776
42 8906 51 285 48 14412 11 11112 92 1693
42 1990 6 484 98 5202
42 21869 41 1054 47 2859 88 13651
42 584 76 9772 98 15840
42 1517 86 205 29 14 35 3613 18 11847 66 7244
42 2543 34 26901 40 7738 8 5320 97 1583
42 208 12 5810 18 23294 49 23 84 845
42 1241 5 172 81 16340
42 149 9 3632 40 295 23 25770 6 4002 2 1379 17 681
42 3432 35 2149 66 6542
42 784 26 2031 64 15050 21 7544 4 11583 46 1947 75 1547
42 8544 17 2185 69 3297 21 164 68 9104
42 724 67 1577 85 1557 48 5726 83 27913
42 5665 87 4047 91 188 50 13515 54 276 83 1735
42 6243 24 10260 97 10456 4 3398 92 14776
42 22905 27 1960 95 9050
42 4254 45 8191 66 186 22 5435 26 3281 92 7171
42 1219 91 3620
42 14349 28 653 51 9425 21 5675 11 4492 57 5100
42 7987 55 2292 42 1931 4 11931 46 5403
42 2117 71 336 97 585
42 7301 38 20869 75 10840
43 6424 35 495 20 2657 40 8376 61 1710
43 7943 10 14497 31 1772 15 494 53 4185 11 208 58 4177
43 2683 38 5518 47 3380 11 2872 40 2208 61 5729
43 4703 34 271 88 8191 87 2274 32 728 5 21094 8 3481 16 802 65 2616
43 1421 35 9609 43 5111 87 17076
43 25344 10 1919 29 2372 21 1228 29 20785 86 9735
43 2479 69 3903 74 877
43 5366 79 9608 14 2436 59 189
43 8478 90 17485
43 5067 82 16319 45 7206 66 1044
43 1093 37 11982 21 3772 67 1589
43 1691 62 21878 24 9394 89 3353
43 1242 19 2142 67 12219
43 3317 81 10134 31 2003 84 21493
43 10579 3 4066 83 12046 92 2603
43 3126 28 3388 6 12940 41 1608 9 943 53 3292
43 424 91 3717
43 13350 27 2387 92 712
43 2268 60 1759 88 16824
43 1637 7 3469 18 27334 0 10973 6 2159
43 2694 53 13627 90 3299
43 4915 25 19537 53 280 84 5631
43 1162 91 3870
43 18716 1 5651 88 2606
44 6064 6 10518 28 5745 56 466
44 38 77 2095 52 8246 53 1299 45 12525 58 403 54 727 19 1744 24 5930 36 8097
44 13561 50 1220 33 862 9 4492 57 387 11 4303 12 4985 60 1875
44 1931 95 11843 38 3051 21 684 37 5436 43 9942 34 687 66 2365
44 18259 95 1495
44 1515 9 5059 66 12368 64 7737 49 11719 82 5968
44 8691 24 9435 84 3210
44 1516 36 5926 91 6375 43 21974 54 6857 4 10870 42 197 86 3103
44 2029 73 6988 54 5631 7 1143 40 10951 58 17656
44 4492 33 7125 59 11145 47 1868 45 4887 98 3500
44 6871 70 8426 34 65 37 7116 87 3954
44 7125 47 1303 77 320
44 3258 29 4692 50 971 3 9690 80 964
44 4808 45 4886 33 11340 93 10018
44 5522 54 649 90 4475 89 6323 84 36478
44 485 30 3438 64 3436
44 17897 26 7039 13 4814 91 10376
44 1040 48 8697 38 10302 57 7942
44 15713 73 188 60 9196 22 5855 24 4781 85 1211
44 2850 35 12108 75 6373
44 15784 65 758 47 392 40 3613 80 971
44 1029 81 2679
44 7779 75 182 56 1143 20 6221 31 3630
44 2701 75 25560
44 14814 36 3182 77 4346
44 1005 32 7438 87 2475
44 3357 69 769 74 9316
45 199 59 27479 87 4715 8 2185 17 7263 42 647
45 1593 32 2543 71 5050
45 10545 18 6824 68 2556
45 13652 31 24289 65 1179 77 28517
45 8242 28 3552 80 16352
45 7112 13 4413 27 4275 32 3043 50 15017
45 20851 99 17582
45 4944 97 931 30 1519 9 8053 25 112 92 13767
45 299 18 619 65 2195
45 901 12 3440 86 12668
45 139 36 3127 30 1057 43 18470 87 2874
45 20257 84 3710 51 1970 87 8428
45 5242 1 5942 20 7699 63 3764
45 3898 12 260 31 10317 26 2405 68 1001
45 12416 19 4699 81 5598
45 15466 85 4097
45 13350 42 6506 53 2618 75 8503
45 4073 40 1093 43 15543 44 6461 13 4367 57 6886
45 49 44 1164 70 233 5 2285 19 2205 68 8403
45 640 47 30681 45 1372 61 614 37 186 12 7091 69 100
45 3180 92 1270
45 381 56 12642 90 2248
45 1051 72 6293 55 12006 4 2994 63 6085
46 3999 91 4149 93 1219 24 3747 83 1143
46 16406 8 1881 46 8 55 11871
46 26944 93 14349 50 14013 62 8157 22 22027 86 4668
46 10893 0 15672 28 5709 5 4568 24 1610 14 238 1 2367
46 3049 51 1531 66 104 48 14068 91 4554
46 6224 8 7073 80 310 93 864 65 5154 79 1443 39 712 3 2959 77 3074
46 2227 84 6982
46 16262 2 17309 0 8850
46 1732 61 10214 20 4932 89 8391
46 15952 13 291 90 2931
46 2793 12 969 16 11678 14 5357 57 1056
46 1754 8 2730 2 6803 43 4395
46 2101 4 7692 37 678 51 12150 96 1678
46 5275 97 1084
46 3318 73 17656 20 5059 74 8643 14 4874 27 11353 81 15427
46 2666 22 9529 59 4177
46 4323 80 1608
46 11970 38 10013 54 7434 24 7913 55 6192
46 1261 25 12063 84 5848
46 7676 27 8563 81 5043
46 3192 77 6219 32 10845 81 16427
46 16265 36 12370 29 14365 92 7389
47 8079 43 2094 49 2702 88 6119
47 9976 57 17702 12 2259 1 1528 24 2650 31 581 28 10560 88 12677
47 4357 96 1626
47 181 1 4053 19 3093 7 4389 12 4202 83 1308
47 12305 88 81
47 5952 85 4901 17 1155 37 5340 79 1973
47 3968 36 3810 67 380 5 38226 35 2865 10 17912 81 5916
47 208 59 3077 81 6307
47 19697 96 2736
47 3466 20 16494 3 424 61 560
47 18351 88 7966
47 249 50 7432 57 43 55 9944 75 5802
47 12714 16 6477 52 2320 95 2436
47 8902 94 3729
47 443 70 409 57 11165 42 4243 24 2963 69 19087
47 1833 46 20592 32 5710 29 11875 63 7061
47 21646 37 3440 75 14602
48 4297 94 954
48 7561 31 961 74 3959
48 978 25 445 47 3062 43 6141 33 2900 19 5811 95 20848
48 3600 20 13961 86 3139 81 23 18 6719 53 15279
48 17277 4 4508 93 15904
48 15251 77 5122 38 5103 55 2118 70 6621
48 3220 31 185 1 3093 12 167 57 3047
48 13334 49 20613 53 5191
48 369 34 1585 97 6665
48 4803 47 7276 96 3614
48 3220 70 30103
48 8826 50 141 54 6953 60 13528 75 6574
48 7094 69 6890 94 14860 90 1051 35 1052 38 1365 25 7358 18 10955 27 638
48 3142 55 595 82 6977
48 2158 33 14668 99 12516
48 11318 85 5006
48 5634 46 2235 34 1575 86 1654
49 899 23 7499 19 4462
49 3377 86 16148 58 6134 80 1255
49 13144 90 1857
49 10117 13 5049 66 11365 31 4091 77 2140
49 1449 72 1177 28 7054 90 26426
49 1690 88 4247 46 13240 24 9540 46 23882 66 7431
49 3575 81 9191 68 1540 70 6118 55 3931 87 1853
49 1079 12 639 82 8579
49 1302 73 2291 8 1774 62 3104 11 2599 96 157
49 3840 13 3746 31 2075 72 7332
49 7392 31 10236 34 4558 89 1020
49 600 97 1011
49 9802 4 5028 56 7783
49 3288 33 2828 69 1607 85 10615
49 10416 61 131 2 5704 5 3942 48 4996 94 14551
49 501 25 6036 72 4093 94 3297
49 3351 53 5618 71 3825 18 675 13 2709 77 20518
49 700 65 2828 94 6948
49 6324 86 2609 7 21782 9 11781 40 2792 96 595
49 26108 58 8294 26 16361 39 8666 19 61 99 1660
49 2249 47 4401 29 16174 90 884
50 2256 98 4392
50 26668 47 8239 10 8446 49 3937 16 4135 95 3466
50 184 56 4457 60 6472 83 10378
50 6248 22 1395 54 2860 13 11872 41 1520 51 4196
50 2749 21 1011 86 493
50 11331 31 1087 78 5064
50 840 57 11667 6 3981 93 4222
50 3759 65 2623 68 6673 54 7853 6 4133 20 2783 66 1904
50 1347 44 3972 52 28378 75 7166
50 2326 53 524 57 8576
50 2162 19 11195 45 52 86 5853
50 1585 12 866 13 15114 32 175 57 1458
50 466 22 505 72 14018
50 80 46 10323 14 352 81 25666 15 175 60 549 61 841 76 9849
50 1516 55 2399 39 11190 47 2970 16 7629 6 13067 25 5429 94 7903
50 4530 65 1111 57 6686 32 5943 66 3667 68 20342 91 1643
50 11452 14 12829 26 969 31 2016
50 7387 39 536 69 631
50 782 69 461 23 1788 8 6937 36 9103 24 21137 81 2912
51 14985 86 7167 65 7577 37 1645 30 2605 22 6911 68 937
51 3040 61 6433 1 4502 5 881 61 3235
51 5154 95 14233
51 3996 72 22466 64 2247 30 501 86 6809
51 323 3 696 86 4618
51 17223 49 5702 80 6123 10 2893 64 2292
51 5641 45 312 86 2978
51 1679 78 1931 24 13394 90 239
51 2577 46 1279 22 23876 85 26989
51 20575 78 5698 18 437 43 6780 11 13843 52 6654
51 2465 80 12313 91 11824
51 5294 31 2518 94 6582 99 2584 7 9446 31 4887 25 27248 49 18171
51 5707 16 5614 59 53 49 4257 60 10962 63 15195
51 3555 23 3324 63 673
51 5746 92 4600 93 1655 13 10903 53 4728
51 2739 85 6817 26 1691 66 3767 86 4605
51 837 67 1333 79 6981 8 2399 31 1804 1 15142 41 3239 16 1455 11 250 91 8425
51 5262 95 600
51 1056 94 8571
51 5590 64 19104 42 19181 51 12453 85 791
51 5833 69 5013 56 2906 99 14062
52 1997 68 10629
52 14982 86 6046 6 5832 35 6840 13 3203 11 1269 40 2012
52 13625 35 4039 17 1274 6 2913 7 10352 3 5518
52 949 99 1302 89 12502 85 5433 69 7104 43 21198 71 2892
52 10630 76 1298 22 2843 82 15816
52 8352 50 15191 6 4647 29 3485 92 2373
52 3567 63 655 66 3726 13 1099 92 3797
52 13914 25 12736 66 6724 2 3829 8 4587 15 10034 89 321
52 4177 34 12131 19 3513 61 3189
52 3499 16 6208 31 4909 43 2441 35 3801 94 1728
52 1141 34 2315 75 1271 12 6051 6 3310 21 1653 61 19749
52 1903 56 28745 2 4100 37 15241 56 9447 29 667 0 30634 96 3436
52 26897 95 1530
52 196 68 6793 22 6987 10 8123 88 2049
52 3688 16 4448 47 29571 26 11593 12 613 35 1840
52 427 95 1733 0 1752 85 2807
52 6089 50 1641 20 8583 76 7078
52 17717 47 9128 70 2262
53 3331 30 7390 21 18351 62 20096 2 8445 56 3160
53 4593 4 6792 14 2987 80 5905
53 6207 70 410 80 5514 39 2864 32 9751 63 3444
53 11598 90 1721 49 4126 37 36 25 993 79 3102
53 15275 71 933 59 13519 37 3029 88 4168
53 20681 34 4551 61 1474 7 37908 21 4294 61 6224
53 9119 9 14253 5 9458 48 2924 26 18376 74 7446
53 4250 11 9170 70 5457 67 4274 6 1831 50 402 14 1077 19 10778 9 4826 69 12727
53 1701 52 17225 6 3213 58 4634
53 59 47 7823 77 10957
53 9508 16 2995 56 18555 28 15198 66 2092
53 11631 97 3416 83 2563 25 4585 67 1387 50 815 15 883 66 26038
53 1604 32 11054 76 1115
53 4673 46 2691 11 2513 1 7957 57 1949
54 4512 68 1096 58 27701 74 8476 26 3629 30 3910 72 17344
54 419 69 1704 75 2353 98 14729
54 4473 60 5604 49 7851 76 3267
54 2751 34 5224 41 643 7 7794 27 7627 64 3637
54 13463 23 1750 21 4409 38 883
54 977 69 15373 44 1090 92 2202
54 15763 28 2076 86 2022
54 5697 56 6019 90 5979
54 1272 46 1345 74 437
54 3969 94 973
54 236 48 1309 55 11777 89 9629
54 3601 69 5694 77 3028 38 4577 96 10538
54 1253 24 2761 25 7444 84 13730
54 4065 74 2977 16 12811 9 931 53 14120
54 3724 91 6254 34 9819 87 5623
54 2626 72 2925 71 4805 47 275 28 9106 80 12375
54 10641 65 3036 47 2944 46 12707 48 10687 66 4276
54 284 48 3385 12 14728 91 3725
54 21337 36 18072 4 19261 55 3072
54 3216 89 1181 25 1212 28 318 67 6251
54 5360 96 467
54 251 10 3462 65 5221 90 9687
54 11344 62 366 50 4029 10 7887 89 4762
54 5464 9 16822 32 3379 59 579
54 8245 94 655
54 3103 76 989
55 8251 92 2321 65 5503 39 5852 96 2926
55 3455 4 7078 29 4764 66 23965
55 7160 22 8958 26 20318 10 11054
55 786 52 191 54 7687 45 9999 95 1525
55 13571 98 6955
55 75 94 4811 60 5650 7 1625 76 4759
55 4852 67 8051 8 4290 43 3314
55 2866 32 2205 16 330 25 8250 24 13529 70 4636
55 5543 74 5805 37 23766 87 3071
55 128 11 14352 67 794 21 802 71 6782
55 17065 37 9196 54 7625 22 1373 2 12070 21 1920 82 1221
55 1602 23 4611 7 3541 49 10531
55 12203 83 160 4 17566 44 20937 12 6974 96 7664
55 14562 96 19218
55 5583 37 25434 69 29018
55 4730 33 2963 90 7812
55 9229 35 9629 20 3895 5 1106 29 9860 14 2836 2 1413 25 760
55 2189 9 1528 46 4530 88 2255
55 1123 11 199 39 6842 94 5511
55 3009 34 5264 28 6487 88 15025
55 8802 38 1681 85 12800
55 2556 59 4460 62 7982 60 24826
56 2196 58 2056 38 4505 24 1977 78 14534
56 11065 28 1369 94 14326 46 2077 61 3241 89 6150
56 1978 91 3260 52 6747 56 8172 13 2641 65 10930 69 7419
56 1642 62 3652 35 761 97 1589
56 18050 19 5478 27 21861 65 11471
56 3369 76 490 96 13683
56 5075 8 364 65 6022
56 2815 65 11666
56 691 61 8185 22 6203 58 15422 48 9996 76 234
56 6190 42 4179 87 12633
56 2865 59 5321 27 3991 60 4930
56 5908 64 3873 22 12612 33 7554 2 5982 10 1513 47 6789
56 862 2 8977 18 8937 47 6406
56 10264 1 2208 15 165
56 1778 16 6569 1 14186 49 1914
56 7472 82 10900
56 9819 74 11467 45 5111 81 522
56 76 20 2791 9 1733 57 17522
56 13489 29 3838 20 8746 63 8873
57 11 25 421 93 31409
57 7432 65 7690 80 1497
57 978 46 1437 77 1622 46 12619 16 5427 47 14507 41 15259 19 6090 47 14006
57 404 78 1233 11 6865 86 952 64 1032 73 15161
57 1276 3 6482 58 2360 24 3504 62 3415 95 14702
57 2372 80 13016 36 6452 51 1450 27 5398 68 5295
57 5419 73 4056 12 611 18 21274 48 7505
57 1120 41 608 24 3031 40 11794
57 7939 0 1937 31 12244 63 3602
57 4435 69 5227 97 196
57 7224 77 9748 9 12140 1 678 48 14068 14 943 96 1306
57 65 93 11147 28 12703 68 25925 33 6569 89 5933
57 113 50 3536 61 10500 9 6431 4 2842 44 4598
57 11106 79 5719 73 11303 48 44 1 2009 99 2766
57 2218 90 2098
57 310 26 1781 66 15 65 17013
57 4295 53 680 67 725 60 10481 68 2015 38 11893 1 1739 42 836 14 3720 88 8111
57 657 17 7501 93 3288
57 5047 41 21722 33 201 47 1670 28 1134 20 1031 31 1683 10 4146 74 1758
57 8206 8 7428 30 10975 54 15199
57 6201 15 356 53 9332
57 64 70 17192 3 22870 51 2551
57 7972 24 8872 74 3225
57 12589 2 5705 95 2476 75 2469 64 19986 61 29 86 2219
57 8707 17 2674 15 4274 5 13700 53 2595
57 13414 8 2884 30 6689 54 4910
57 303 62 6263 33 15346 17 14951 98 2179
57 9856 50 9806 40 29779 72 195
57 14663 26 14375 54 3806 17 5129 64 1503
57 7511 56 670 10 20877 50 3534 10 12139 56 983
58 5278 29 9405 74 1532
58 1322 75 675 50 14003 22 10959 6 8443 45 1881
58 1375 8 152 94 3289
58 5087 88 1162 5 533 0 4663 61 963
58 3586 66 4283 98 1459
58 4469 23 10400 80 7218
58 17433 88 2392 80 38493 62 1271 4 20481 6 886 54 1013
58 12632 83 3765 85 5708 4 12381 45 18160 15 10281 78 5928
58 16104 84 4438 79 13120 88 1494 93 2390 2 5042 6 7177 66 869
58 642 88 12912 29 7296 19 4703 87 7014
58 38138 13 879 89 13814
58 14284 97 5411
58 39 24 2111 22 4127 81 4241
58 19660 59 620 22 2873 41 4515 51 2714
58 4215 67 7789 26 392 83 700
58 12453 50 12822 69 2779 6 4923 67 2993
58 816 55 7632 80 2384
58 9575 11 11087 7 16103 90 1212
59 2155 48 175 99 777 51 12287 37 10313 62 1283
59 3511 12 9205 93 16090
59 2911 83 5795 0 6046 1 1110 98 9501
59 1279 9 7408 46 2293 8 7781 96 7830
59 4005 55 4669 63 616 34 4920 85 4184
59 1864 25 2753 62 1299 25 10236 22 17267 46 1626
59 653 54 1629 6 3603 91 2787
59 1835 55 16105 42 6197 32 4565 75 28067
59 10377 7 2293 95 7795
59 10372 90 2916
59 295 33 7811 73 4805 45 4427 91 981
59 4684 41 990 29 1524 50 6406 49 4345 11 7685 29 11062 46 3668
59 2421 43 1368 10 5177 17 3626 39 6412
59 8446 24 22767 26 3135 2 641 38 3960 48 406
59 420 89 2394 84 3160 24 993 13 3091 34 10777 87 4385
59 1149 31 17997 45 1599 73 10069 71 182 59 13306 5 13888 84 369
59 976 57 4341 1 4254 85 10084
59 2661 74 550 73 346 33 8555 10 9106 84 2793
59 13777 52 7069 41 4685 60 18750
59 1470 70 2342 3 9719 95 9106
59 1276 86 10609 94 4702
59 9465 32 3542 59 6042 37 683 36 10591 6 8578 78 5631
59 3467 5 7510 11 59 97 2672
59 12311 83 1902 44 10293 43 6881 11 5206 48 8904
59 7734 8 4125 96 4807
60 8176 48 3118 42 293 4 6845 30 4370 67 8971
60 2056 4 15141 36 5470 74 6829
60 12993 96 542 95 5259 87 2530 78 1883 82 349
60 747 11 1687 20 6006 43 460
60 12332 93 881 90 786 83 480 18 14946 37 7912 38 14634 13 7991 31 3275 64 17179
60 4899 10 4271 63 876 79 11406 17 3541 53 18899 51 5070 55 12519 62 1097
60 525 63 2254 52 2664 17 2913 42 3591
60 345 97 1374 69 10160 78 1617 88 3686
60 1714 50 6265 35 892 80 10339
60 5360 62 1038 63 1006 35 7984 11 7827 20 2569 69 1716
60 10985 69 3887 27 5377 53 4454 91 2544
60 13008 64 2527 23 1387 47 1508
60 10021 9 264 21 172 74 5698
60 465 71 18245 99 6754
60 18697 92 6662 32 51 49 5340 92 1072
60 2192 15 2268 65 34576
60 11041 7 785 46 614 94 4577
60 3932 21 14744 82 859
60 10146 58 8439 19 23666 97 2449
60 7822 8 13069 35 20 30 442 50 10207
60 1711 28 5044 24 6100 17 1924 62 10650
60 9401 37 1183 26 2563 29 9595 49 606
61 3828 65 5065 25 28938 85 935
61 7104 86 749
61 6510 88 21259
61 115 58 1608 76 9404 17 14856 99 5450
61 329 36 1485 35 25244 66 8893
61 14753 78 5339 74 168 3 4380 61 7817 96 2050
61 1831 93 1822 25 4447 98 6740 10 6597 99 9115
61 11383 55 14800 85 14805 28 21163 10 40 9 857 15 4399 98 398
61 1838 62 276 43 33 96 11349
61 10148 68 3643 11 12548 22 10241 38 457 78 6111
61 574 50 1996 77 2078 5 6343 54 1144 86 6201
61 9800 63 1135 68 5480 11 4673 63 987
61 1339 91 7758
61 6017 48 3287 75 6984
61 11519 90 4019 87 1196 1 523 79 1626
61 4111 88 2180
61 398 10 2047 34 9692 68 721
61 1100 95 747 84 4414 72 555 26 6329 53 152 69 447
61 4201 97 3902 93 7474 86 5655 92 937 75 2055 83 14759 76 1141 87 3688 75 409 54 2906 34 18272 85 2438
61 4663 49 10575 23 489 68 13972
61 7032 62 5332 20 687 56 1398
61 191 81 12616 90 301
61 7334 66 4427
62 2659 79 13947
62 595 99 1769 35 10250 90 86
62 1341 6 25154 77 3335
62 374 84 8204 3 10249 2 4321 98 3979
62 8824 19 1781 78 5131
62 704 36 1992 89 1374
62 3067 34 8861 79 3528
62 9695 43 12199 57 1390 30 4869 33 2719
62 6430 42 10469 52 1249 19 2181 23 18878 50 24128
62 2674 93 3227 56 9861 94 14095
62 5343 53 13728 17 4780 97 11040
62 1602 9 28058 37 1254 36 741 31 5189 3 1300 27 4742
62 1243 33 5815 90 4107
62 9039 27 149 32 8478 5 6752 88 278
62 5228 55 334 42 14455 22 5708 98 2054
62 3370 1 7780 48 463 28 21012 64 23294 50 7704 91 10374
62 217 24 4189 77 4483
62 10598 56 10207 59 7939 52 4551 60 495 41 18494 92 9699
62 1502 19 2309 17 518 13 2856 48 11320
62 5017 83 1282 35 6 69 5625 54 12191 70 4749 40 6791 47 3279 46 11751 70 12897
62 200 12 6824 3 2031 82 2764
62 240 66 10804 19 19379 10 196 54 7467 12 182 10 1324 11 2290
62 3248 90 9242 19 8088 24 394 83 11460
62 8205 16 8693 97 7819
62 9075 64 16227 88 3805
62 4477 18 1091 19 4138 82 13117
62 3075 79 14843 26 6556 63 880 29 17479 73 19766
62 966 78 2362 50 2859 49 7289 4 4715 25 12440 95 74
62 15630 75 19490 50 6320 51 6101 71 11376
62 6472 20 2629 30 9107 5 14693 25 4719 5 1016 14 711 9 1728
63 1720 34 5890 26 2739 51 2968
63 3691 4 454 12 40413 36 15708
63 888 77 4331 58 1141 30 952 76 3226
63 1588 19 14859 2 3239 52 6583
63 1704 9 5540 95 1146 14 3344 89 6833 7 6735 16 2387 88 9871
63 969 13 6820 4 17433 81 969
63 6764 10 2432 52 9899 75 14573
63 1309 59 15867 67 5173 42 2896 83 4042
63 4477 65 350 79 2117 31 788 94 1252
63 7240 28 481 71 110 82 6422
63 9141 19 7258 97 8674
63 26365 70 24629 8 3083 20 1496 57 24626
63 6467 99 7875
63 3468 38 1611 13 1150 67 10406
63 2756 79 12921 55 8702 74 1160 26 10912 37 7889 96 6459
63 5826 3 4604 88 8302
63 2483 60 9085 63 16309
63 4656 42 14431 97 632
63 12334 32 694 24 10646 59 586
63 2904 99 10444 41 2015 99 3860
63 5748 60 23410 4 2966 72 6732
63 2773 53 17935 89 1483
64 4237 35 1710 79 8188
64 2650 58 17726 84 1302 13 357 38 13274
64 3192 54 1182 47 561 88 7642
64 3501 83 2114 77 18620 4 13470 98 4683
64 9850 76 1722 77 6168 91 8613 5 18483 58 8804 49 452 42 21873 67 2543
64 5797 1 6096 72 4522 79 1353 61 3678 8 20373 43 7190
64 10690 27 7135 7 13967 9 2234 28 1652 62 1049
64 12758 46 13003 36 722 33 6202 3 5282 32 1613 82 2771
64 7454 30 1284 33 2894 35 680 98 124
64 10938 3 9054 7 1261 36 10128
64 865 24 465 0 9087 46 636
64 5611 89 3953 86 3598 92 2662
64 6809 99 2787
64 19697 43 7129 11 1537 61 2765
64 1107 54 367 53 12702 24 13595 32 14502 26 799 9 337 84 4412
64 3070 46 2549 29 63 63 3202
64 5708 94 2654 49 3087 68 1849
64 16082 33 4255 10 7167 12 1923 34 9952
64 1035 59 2492 91 2794
64 4131 4 28556 94 182
64 1480 48 107 80 3108
64 3151 57 11562 80 3234
65 2908 6 2231 7 1240 70 776
65 4573 33 41286 35 946
65 2867 8 2079 0 18816 94 4903
65 2187 55 2252 15 1119 95 2275 18 4468 27 11097 76 20675
65 818 78 9365 76 7409 50 774 1 3155 23 2787
65 6675 28 34576 17 691 42 558 6 4451 41 11842
65 6241 20 2558 12 3110 40 438 84 1511
65 2923 49 9368 93 10476
65 24624 13 4898 3 2633 94 1925
65 26228 23 425 32 4570 28 1344 97 14339
65 6307 90 10174 11 1884 54 7469 18 9068 24 398 1 2505 40 2425
65 1531 78 8093 86 326 72 3897 6 152 17 13323 44 513
65 5205 27 401 64 4031 53 1317 80 866
65 8927 19 5732 69 182 62 1126 31 8210 73 11093
65 6383 32 5689 2 2798 72 11736
65 1016 32 11613 56 4931 69 3062 58 1554 80 896
65 1739 38 284 20 1037 30 897 14 9670 40 5000 54 1249
65 273 66 3011 19 5524 38 5264 89 337
66 3595 74 5809 1 9535 48 485 84 7484
66 9546 75 23674 78 1100 5 2219 19 3092 8 1119 17 2394 31 11321 51 11593
66 1022 21 1291 25 2502 63 4037
66 1250 81 10670
66 8505 39 2334 36 20546 58 948 17 4715 27 2036 84 7252
66 1396 78 16578 71 19002 86 2838 85 1318 21 20223 26 267 43 787
66 1108 71 2243 31 2706 61 2353
66 24374 88 1264 30 228 54 6041 56 10376 58 9178 92 7384
66 6542 18 12380 32 10824 22 1257 40 9744
66 423 71 4378 59 133 78 400 50 2022 54 3636 65 19667
66 1341 89 2964 50 2132 45 13611 55 1164
66 8093 34 10143 26 7206 18 3266 42 4374 4 6128 76 992
66 9178 88 8886
66 3736 97 4474 53 21711 38 2455 52 284 84 2915
66 2946 38 19847 49 2589 98 1922
66 1084 13 9516 88 4286
66 8814 40 1251 5 694 6 11654 91 1931
66 8984 30 22134 26 1399 72 5898
66 2212 0 6627 64 6022
66 1127 26 1660 9 889 66 2156
66 8496 7 311 69 255 70 22468 95 1257
66 4845 87 8197
66 238 59 389 3 3540 22 9269 81 406
66 109 20 13713 86 11641
66 22819 36 12802 59 9333 27 6247 62 11078
66 26867 69 429 6 16998 31 770 50 3023 56 15550
67 1197 48 12129 17 19243 90 4645
67 15544 81 1085 22 9637 31 908 37 7933 23 9526 60 1703
67 4580 90 3548 33 13923 37 7590 17 3255 74 1194
67 2115 54 2615 43 6002 33 25431 79 1015
67 481 1 659 92 1910
67 3320 64 8740 73 6812 44 676 21 6876 70 669
67 2361 88 3132 11 2917 86 3889
67 2959 10 8236 77 3236
67 6038 0 12780 82 3694
67 4108 55 7293 72 746
67 2256 54 1572 72 2736 50 36 54 388 3 2849 44 14652
67 1394 77 10977 54 3007 45 420 88 96
67 2206 79 4045 41 259 74 5834
67 5166 77 7990 13 25234 3 6578 50 7704
67 6311 70 10682 32 1136 15 8824 30 9233 97 4607
67 16627 26 80 81 10768
67 26815 92 937
67 11738 40 12757 59 2144 87 136
67 4797 9 13843 93 13706
67 7712 44 1069 88 9928
67 8021 23 6694 59 2827
68 4177 77 16927 80 1453
68 5 87 22130 10 1115 83 2201
68 10866 18 860 36 3737 39 8638 68 5707
68 8134 90 5875 16 1781 90 6723
68 2420 52 5702 67 7500 9 680 56 3148 82 11515
68 18684 27 1062 84 11629 35 20070 69 7602 54 3771 67 4008
68 23852 46 3467 97 1402
68 7916 19 3619 86 3412
68 874 83 796 92 3021 23 1112 69 3173 89 12480
68 10856 26 6049 39 4513 2 12023 72 17413
68 5388 64 1359 26 9344 91 1089
68 5064 62 618 33 5077 98 781
68 5036 2 4639 86 5887
68 772 37 19361 58 2494 1 6222 38 5572 6 3557 1 369 52 6886
68 1309 93 7683 96 6563 95 16378
68 4098 45 759 56 4636 80 4879
68 7114 79 874 38 6499 20 1683 49 764 37 1701 66 1419
68 1113 5 863 59 3148 91 1263
68 3452 6 3866 26 7020 22 2637 35 11052
68 19695 88 5243
68 174 95 4881
68 3247 6 8421 80 234
69 784 60 5387 2 3157 69 6767 94 6376
69 1722 81 12475 34 4425 12 5598 34 16755 37 5680 7 20480 76 2282
69 8078 40 12542 51 5011 96 3653
69 444 29 10446 15 4955 26 9475
69 16843 48 14513 94 7549
69 5311 93 5973 54 4931 70 4146 71 3808
69 4905 53 931 49 22534 82 4379
69 7706 65 2494 72 3477 92 682
69 2153 80 14531 26 7348 48 14351 69 818 45 8483 16 5288 45 12874
69 5185 21 5026 43 1711 36 6038 86 4640
69 6023 97 16467 25 9090 8 1187 11 4452 98 3279
69 11520 39 3250 68 2943 45 441 36 3471 20 11928 19 2617
69 3187 87 4688 40 1769 23 319 21 2561 95 3785
69 9878 96 343 4 8144 18 5699 49 19475 66 284
69 11589 52 4741 58 1288 61 2197 54 1424 58 667 1 5133 42 1475 86 3874
69 16770 29 6683 23 2629 44 8332 43 867 14 2268 94 3974
69 3540 3 79 39 2293 16 10912 49 396
69 502 89 3523 46 1345 47 6974 2 789 39 3779 46 17267
69 3215 31 2762 19 9881 45 7147
69 259 66 1263 93 5621
69 1082 26 373 22 2274 49 2842 79 6438
69 450 16 2142 35 12664 55 10485 6 11375 97 1546
70 1366 63 486 14 6667 17 678 23 2594 85 728
70 1378 15 7186 47 5027 96 13528
70 11117 27 1604 3 3394 77 6149 76 3550
70 5951 23 1514 5 2199 36 7870 20 555 11 3288 9 5623 72 1489
70 504 22 11788 80 5171 97 4133 23 4092 52 14960 59 8804
70 5370 32 873 76 10224
70 2006 55 13152 81 8370 62 3209 40 8721 36 22788 6 2894 55 5302
70 24107 23 4108 50 897 65 9142 63 14384 55 548 95 9000
70 4021 3 1477 29 4459 23 2090 96 472
70 653 68 4977 54 5297 61 18922 77 5837
70 3379 8 351 1 10412 14 4693 1 778 46 2292
70 9428 58 3455 63 2017 22 14355 40 1563 4 6611 53 1324
70 5281 48 7437 5 9362 44 732 62 316 70 14688
70 5146 77 9995 58 9213 93 26486
70 3710 87 4974 38 819 33 10488 30 8569 49 2467
70 5119 64 1194 87 1430
70 1983 39 3889 13 9285 7 3180 98 12355
70 2138 52 1374 28 2534 32 4952 83 2023
70 25121 69 2102 42 1129 8 5023 26 3181 12 126 14 4780 2 1101
70 19594 48 9552 5 1494 18 17183 54 17197
70 129 19 3378 5 8775 1 14286 38 2419
71 12410 2 4854 67 1091
71 118 18 24 54 7533 65 2236 30 16671 19 1619 57 16062
71 8767 20 3829 41 5309 31 5461 3 14157 69 1920
71 162 79 1400 20 4205 9 1117 43 11279 19 5718 55 7759
71 15297 87 2856 52 8891 88 5214 49 2678 87 1657 67 526 55 4982 1 313 58 11272
71 7274 6 18017 66 6431 43 15033 28 1427 15 4440 93 7690
71 898 98 5182 63 3132 62 11798 13 437 57 4024
71 7519 33 3080 14 1340 32 1551 87 40955
71 8759 73 273 28 1806 93 27402
71 4855 89 5172 53 9713 81 1354
71 7480 23 926 68 2784
71 27820 88 3790 78 2350 80 5084 70 4985 73 2328 60 1530 94 901
71 3324 64 4439 35 3415 21 271 89 2552
71 7640 75 3677 1 2460 70 1216
71 3098 32 1744 39 1213 57 20745 36 3554 88 10108
71 2112 21 16274 63 10066
71 731 92 2388 83 4051 76 614 7 1450 24 2284 92 23486
71 3427 53 3394 29 1859 36 235 4 1757 33 723 35 6618
71 2174 73 1906 22 3404 42 403 92 8861
71 7128 19 2736 60 113 38 2155 68 4112
72 11053 20 648 26 300 32 233 48 2523 46 843 23 13685 70 10505
72 225 33 7168 90 917
72 1665 96 199 59 2789 97 587
72 2488 61 6169 6 13387 12 2431 83 862
72 732 98 1060 62 2764 32 1936 35 4877 31 4491 85 19944
72 12821 6 3750 79 16857 11 5128 87 572
72 1998 63 9150 53 656 44 128 36 11222 77 4160
72 4550 64 2223 11 6471 5 2829 31 1307 49 16968
72 3680 68 2799 23 5533 12 23518 48 2529 84 9720
72 6239 20 9122 29 11758 96 503
72 27320 70 6341 30 4157 97 2166
72 7348 66 4047 20 2554 21 2301 19 1568 49 5812 59 602 6 22507 54 3965
72 3022 98 13951 31 1335 0 9848 4 3572 16 1036 24 911 48 3605
72 6459 85 680
72 572 4 4941 82 1175 75 2477 43 9181 90 2281
72 914 77 11773 53 4812 55 2461 76 1940
72 4107 88 6809 11 1972 3 541 50 6292
72 591 83 9559 71 29963 11 3844 50 8188 26 4468 75 4294
72 29103 43 5624 16 7135 87 6074
72 1143 61 3155 96 3356
73 3541 20 8416 69 1354 50 7389 26 839 54 4811 20 2848 36 12663 58 2043
73 1753 74 5378 59 1109 43 12145 67 3093
73 15131 37 1688 6 1033 5 5401 60 494
73 293 46 783 11 1624 17 2783 66 3914
73 484 2 3205 91 9804
73 4911 13 5592 21 353 22 7936 21 2299 86 1134
73 9578 84 2662 64 17167 34 10128 79 3464
73 282 92 3110 38 3911 30 3018 31 2869 48 3095
73 18540 44 131 15 15089 22 81 94 4823
73 724 70 28314 95 2185
73 3743 51 1878 53 7063 37 2152 85 1256
73 1067 55 355 18 837 26 5015 2 2416 26 4111 28 9875 25 2754 93 6280
73 1904 19 559 1 12295 7 11375 11 11223 84 323
73 4516 36 65 2 3732 36 2074 17 5146 94 656
73 3420 13 6676 9 872 10 188 46 1
73 12227 81 30005 63 19170 1 1782 7 7658 97 4245
73 3818 0 2565 14 2718 39 9777
73 9037 59 1197 30 5369 22 957 99 1746
73 6608 66 13747 0 12181 20 2648 13 7869 0 1870 42 8
73 4993 92 10273 27 4487 19 1563 41 621 59 1335 84 6875
73 55 31 3379 26 2659 79 20864
74 8546 68 14320 50 10622 75 1005 4 1439 91 3516
74 5331 28 11015 36 5104 41 125 74 10981 27 7854 10 250 23 4529 14 445 89 7848
74 1438 97 18498 33 5774 82 6393 47 2353 17 3915 33 676 0 9062 36 1045 55 5442
74 9177 22 16078 54 7706 65 1072
74 2024 76 19484 0 7523 79 2564
74 54 71 2932 5 2649 94 352
74 19631 97 6916 27 11 39 6617 27 4281 25 9465 88 878
74 9576 76 556 11 4588 0 11133 54 15819
74 1807 63 446 53 768 7 5627 44 2251 90 2452
74 201 64 744 98 17476 87 1773 7 774 82 3320
74 1823 62 1040 24 1696 0 6634 1 7656 48 2582 75 2713
74 365 35 4396 44 29572 6 4480 85 7638
74 7460 46 8615 86 3814 20 7771 83 2222
74 3844 75 7436 49 8371 21 12178 60 1326 89 4315
74 12128 35 370 40 784 51 1480 44 17653 28 2297 43 10228 67 3238
74 4300 59 1928 26 3267 20 402 51 4481
74 9397 92 5324 11 1498 89 17566
74 20235 75 6965 60 11456 31 11143 93 11165
74 19330 97 3526
74 5187 66 10655 81 8426
74 5123 73 5116 95 1641
75 7529 10 1934 63 5299 2 548 43 345
75 1542 60 1119 50 1844 27 4489 51 18065 6 800 94 5134
75 2014 15 2440 46 3014 93 581
75 1037 60 649 83 4517
75 4541 3 104 53 1358 18 7785 11 1591 44 1673
75 9917 86 1437 66 1228 74 2518 96 11160
75 1159 97 1989 34 3288 9 3443 31 1837 76 1780
75 10424 93 8446 41 378 91 31561 60 2766 76 9574 11 15558 21 12039 59 2807
75 5075 31 18560 60 1887 28 31712 58 150
75 525 60 14352 98 9709
75 6098 57 610 85 1695 23 45276 14 3856 9 2800 12 4363
75 1014 33 9985 13 4203 49 908 70 1159
75 160 86 5434 27 1 60 4833 77 1247
75 848 91 485 32 1270 74 10370
75 9031 8 6322 22 238 16 21070 31 8913 32 5695 94 974
75 243 65 4931 33 2160 36 4592 57 17421 21 19973 23 12929 76 6304
75 5771 50 2604 53 568 4 4163 18 1686 59 13242
75 5904 34 6617 56 2686 4 4530 63 130
75 5766 13 19373 86 14119 37 2031 64 4526 34 1346 44 1744 48 5410 6 828 74 257
75 20418 31 2065 97 8512
75 5510 0 315 88 1959
75 2278 88 1296 44 4935 8 6773 22 9730 35 1374
75 15822 85 2819 7 470 11 9441 80 878
75 8534 22 4488 25 1902 16 11518 13 798
75 621 98 3022 37 4558 91 24
76 14477 47 4925 70 7672 6 15605 24 3819 22 418 38 17399 63 1832
76 3428 24 1503 28 2355 98 3983
76 3013 38 10736 77 8807 47 5708 56 4961 15 14692 87 3699
76 792 19 9443 25 2202 18 5853 61 1468
76 29811 0 10353 51 7686
76 1863 95 640 50 5496 27 674 15 2621 91 8584
76 2004 39 1090 19 2176 41 3877 13 419 64 3770
76 13713 57 1861 31 120 7 11431 83 2358
76 6324 78 7309 97 4763
76 8015 29 15046 98 2417
76 1862 32 2152 41 700 61 1224 74 1375
76 866 9 7666 29 12136 27 6506 37 441 77 1610
76 24184 74 21047 17 7235 55 1562 37 6 21 339 14 3578 44 15311
76 3615 7 1644 26 515 11 2751 57 6997
76 11009 9 1031 49 20008 87 172
76 647 49 4534 8 4221 33 9982 93 10173
76 2423 56 16848 15 9510 8 241 90 5222
76 11149 60 14123 79 3428 2 5707 82 12863
76 956 29 725 92 207
76 2628 82 9412 45 790 94 1127
76 1085 99 79
76 5532 86 1802 28 10738 83 195
76 2140 70 7031 17 4332 50 13288 72 11954
77 7087 60 1433 73 140 50 1661 14 878 63 51340 9 15622 55 14320
77 2770 96 2518 94 11271 66 2987 15 5930 63 1346 13 8595 44 2464 60 2425
77 6628 61 566 59 8607 16 472 24 2779 60 2380
77 11848 95 6170 49 3775 1 6503 72 11284 31 6781 93 5285
77 1615 44 2769 69 1401
77 8874 40 15701 83 4602
77 5803 40 19557 71 7927 3 16479 94 1317
77 3597 27 8426 17 6847 81 13914
77 463 10 20377 78 1808
77 11964 62 492 58 14549 89 3131
77 9189 93 6074 37 4937 73 4412 29 1811 53 4960 32 5698 56 5645 59 2740 81 5466
77 5726 14 1018 75 7305 74 2945 94 170
77 7514 79 1711 6 275 4 4107 20 3475 39 729
77 1174 97 4366 8 5182 77 776
77 2621 12 605 28 15905 8 11021
77 4427 23 2292 24 9892 4 7250 18 3481 91 6180
77 6010 52 3681 34 41 51 820
77 3925 48 157 99 7211 47 2437 15 5098 56 3832 51 620 56 4440
77 2428 64 4878 89 9107
78 1517 24 11924 17 1332 53 246
78 3161 85 2022 67 8751 11 2715 86 4377
78 22904 44 11628 64 5710 13 10664 68 2007
78 14079 26 4022 36 4129 53 8453 39 4744 9 7508 62 11180
78 8809 44 3834 3 1720 74 466
78 8866 14 1040 19 56 85 6937
78 3653 80 1754 13 1628 45 4063
78 403 57 4350 42 6183 55 22768 64 12426
78 16516 16 3783 96 1719
78 5354 89 4327 43 11379 71 4944
78 8635 67 404 5 6419 37 16925 24 1546 42 13470
78 3732 20 7189 21 2571 20 287 51 972
79 10029 77 9070 92 4728 62 8382 63 6015 72 5490 95 1131
79 3498 32 11828 76 434 87 6193 48 3254 19 946 78 19
79 4306 52 3394 72 2768 85 11172 2 9316 16 3650 9 476 97 299
79 1957 77 9499 4 2632 76 4058
79 11798 26 2952 90 8093
79 2608 74 1046 32 4420 83 2504
79 2312 11 974 77 13458 55 20130 72 5759 94 3507
79 12512 59 12876 85 61
79 10511 98 7541 36 11175 44 1973 82 6603
79 3028 47 505 95 913 12 10516 99 1123
79 4616 0 8329 14 6868 99 6050
79 1945 6 1347 65 2067 67 1244 20 871 87 728
79 119 9 12320 5 1594 18 4214 74 7000
79 776 8 5223 85 3656
79 1146 22 191 6 11606 85 25898 37 94 23 10281 32 16511 14 2759 83 13673
79 30 72 7248 45 15767 14 2732 60 8944
79 23606 54 12046 19 5665 16 838 75 5273
79 11699 51 4742 74 6055
79 14471 88 518 93 2387 30 950 42 5656 78 927
80 8404 56 4201 97 1671
80 4417 94 4155 13 2015 61 2205
80 494 35 1016 73 5021 3 507 62 2055 20 483 82 1920
80 1714 17 945 2 1278 8 13734 40 7578
80 1370 48 968 72 4668 0 596 53 5857 27 9241 67 173
80 12427 50 23830 85 1729
80 410 59 2650 26 190 90 2765
80 10774 91 3719 86 5544 10 16634 9 4657 61 2449
80 5525 12 5572 84 2308
80 1096 4 2264 13 11863 36 470
80 9002 18 5478 73 4887
80 9503 77 14430 21 2094 40 3490 63 2988
80 8197 55 3128 73 4410 65 13772 32 3651 61 8010
80 12849 10 3077 49 1236 53 1673 2 34158 9 10514 46 358
80 21694 65 2049 47 13184 82 4909
80 2071 94 3506 20 987 33 7474 56 3320 68 211
80 783 34 5581 73 10329 88 718
80 9860 50 5312 27 3739 85 2333
80 4280 65 16266 19 2209 92 11970
80 649 9 4349 41 5511 39 4870 69 2530 10 16844 69 2059
80 4362 84 1773 43 2585 19 141 58 2880
81 406 17 8255 96 7113
81 736 13 2227 6 4906 61 4952
81 3623 38 15132 53 5596 49 1190 18 12738 30 391 21 7287 90 5334
81 6354 96 3462 14 9861 21 2187 41 1975
81 2551 30 802 87 16120
81 8811 58 1291 56 2547 83 6812 33 6801 15 10609 51 7398
81 4255 68 3049 22 2917 21 5181 39 18876
81 13836 94 4699 98 7069 22 4781 49 11818 71 1386
81 3505 97 2517 42 24579 0 6909 38 1708 36 11620 14 4771 62 1359 6 4893 77 1710
81 10696 64 7211 36 5128 26 1243 42 13764 71 1508
81 2861 88 12969 47 1453 71 8660 82 1124
81 9253 36 5267 52 3039 83 316
81 1266 16 1207 67 1183 74 1845
81 23032 47 2900 73 71 88 1953
81 3106 21 2195 20 5157 6 1488 7 1576
81 4849 10 18906 86 1812
81 5339 99 3934 43 147 29 1505 22 2360 70 1802
81 992 71 1905 78 4448 22 478 94 283
81 1125 76 31592 60 10471 97 3071
81 8475 75 12859 63 1639 65 236 91 2077
82 1126 16 10312 83 534
82 11722 85 1383 44 18047 39 4067 69 15533 39 8537 28 5146 79 5853
82 7607 91 764 42 743 32 19422 40 1757 72 9027
82 7166 42 2671 21 5491 15 12761 90 8635
82 1630 20 1986 36 751 98 3081 93 3701 10 13402 24 6691 70 3803
82 10362 62 10838 23 2971 3 23660 39 18115 25 285 26 10280 23 6967 52 803
82 14562 77 4220 29 4760 69 9531 1 11642 16 5281 39 4416 76 5044
82 53 26 17319 30 33606 8 833 22 3423 74 3214
82 2813 21 379 38 1481 28 3530 83 6778
82 391 93 14270 41 5600 89 23953
82 5849 83 6221 92 2312 9 245 30 5868 48 16732 51 43 37 4600 90 2750
82 595 72 5827 73 8755 5 5543 49 1970 99 3686
82 6206 3 661 38 4346 12 14725 98 3320
82 232 96 2235 18 13091 62 1730 81 5345
82 2396 21 1747 8 2369 51 3899 32 956 94 196
82 826 85 9709 72 7763 62 1373 18 7065 87 10359
82 4850 63 2117 43 5870 96 9062
82 21329 15 6209 79 3048 97 6844 49 7317 6 8870 21 2600 79 695
82 9095 10 4859 20 20077 45 454
82 5894 85 17894 6 34556 80 9215
82 12756 18 10850 9 7212 90 10104
82 4015 56 10174 25 22840 89 6758
83 6915 95 11061 51 16789 35 5152 15 663 96 1797
83 1161 22 2958 72 456 34 3590 9 11275 99 1292
83 10877 11 11973 52 1074
83 13530 1 2758 7 12457 53 2003
83 13282 91 2176 46 543 13 10738 96 2838
83 15998 13 563 56 16745 82 5909
83 532 93 14888 20 12916 8 3341 0 277 6 8301 95 180
83 4539 34 5382 19 7414 81 4360 67 21037 30 4511 74 18748
83 2985 63 18449 57 3904 73 8617 16 6617 10 14613 35 10241 7 6061 55 7570
83 2635 2 5730 60 6150
83 8530 67 41789 62 1215 80 6218 77 7534 89 2836
83 8251 46 92 57 119 3 6866 19 4690 91 20190
83 10312 95 2412 83 2736 90 734 34 3946 96 30050
83 4477 45 2790 92 12719 8 9817 20 95 86 872
83 1199 60 10364 22 7279 6 767 78 5479
83 11353 23 12063 59 7317 83 5448
83 3147 10 2706 71 22013
83 3638 67 488 97 2432
83 3199 31 14749 68 1992 70 790 72 5856 53 2551 21 128 19 4521 60 3447
83 1066 53 3808 49 186 10 5689 80 17790
83 7127 47 5347 59 1746
83 25946 47 4093 75 1069
84 8021 30 3302 7 6923 56 2052 67 8942
84 4240 25 20266 35 17313 82 126
84 10033 0 35383 59 5054 68 19818
84 5406 0 6244 56 6492 8 10691 47 6411 72 733
84 10953 39 24756 14 4439 22 291
84 4590 79 3154 40 562 47 3119 33 343 34 15071 9 10509 1 5191 69 7084
84 15617 73 3307 8 4266 32 7795 13 4577 76 860
84 3334 26 511 30 8452 36 1016 38 6403 64 1543
84 10803 96 433 59 4496 27 5293 41 2761 66 1577
84 13531 20 767 31 5270 30 17117 23 26 28 3307
84 1135 58 3434 35 15634 51 18314 71 140 20 2265 21 11093 73 27001
84 7935 62 5910 47 4045 19 8655 52 753
84 8459 78 21740 29 1220 92 3021
84 11250 71 2416 31 7069 97 9140
84 2672 67 3159 95 8194
84 1393 69 3771 7 413 1 2383 52 5728 62 3140
84 11867 11 7730 5 3645 58 2143 31 11181 71 6833
84 13579 68 5552 29 5878 55 7767
85 1473 53 12911 37 5726 56 991 89 106
85 1638 14 2162 30 6896 96 2814
85 1686 58 1939 51 10139 60 8023 14 3815 18 9182
85 3793 90 8673 93 8122 77 68 16 9986 96 365
85 770 71 40185 33 1646 88 4889 32 10221 30 3704 75 393
85 2252 47 355 65 7439 88 1942 14 25716 59 3489
85 520 25 12887 4 11692 21 1468 46 10116
85 3269 97 89 89 809 77 964 28 8158 89 101
85 2244 68 1444 41 681 55 201 29 9999 59 3429 4 2828 36 2252 66 1366
85 1736 25 648 57 3512 19 329 31 2379 50 8990 54 17987
85 3461 31 9940 78 24595
85 2904 73 7221 34 3463 8 9085 88 233
85 7639 98 2609
85 5915 86 2281 10 616 66 506 59 13267 54 863 89 8100
85 1457 77 13408 39 1827 88 5678
85 12734 30 8676 10 2950 14 7271 46 7697 90 1127
85 8811 15 2951 24 6595 50 1741
85 4454 61 7136 54 3645 78 3188 11 2622 96 347
85 6515 99 14773 16 17506 67 6634 66 3193 35 732 84 16049
85 3079 38 4299 10 4088 82 8937
85 13274 49 5519 2 6867 1 1443 65 15092
85 7147 96 9051 23 2190 20 9771 40 4947 52 549 82 2372
85 1619 23 6532 54 7132 86 18109
85 6968 65 5105 43 3826 15 2167 63 3710
85 4912 83 3675 18 27216 14 16 68 6615
85 23624 63 37041 46 4046 51 574 41 9910 66 3837
85 1365 51 18980 76 1054
85 1672 95 1900 82 878 73 2786 58 65 15 4252 12 11204 77 2951
86 6502 78 7053 45 750 18 895 41 5946 75 172
86 9326 21 97 22 13303 72 8165 9 1051 38 3845
86 10231 36 2425 48 5471 41 567 50 1296 0 10932 17 920 16 868 27 2043
86 855 54 1404 59 4439 1 3259 63 2112
86 14252 93 10026 41 3224 33 13567 53 4453 55 242 21 4597 32 1559 90 12065
86 2629 17 7070 32 9636 75 1999
86 3562 90 7374 37 11881 41 3945 92 6371
86 10188 19 28621 39 656 76 8328
86 2931 61 11836 42 4962 75 11530 14 4070 82 6666
86 1463 41 9303 31 4661 91 2723
86 11178 53 21477 78 3032 28 29 48 3418
86 74 1 4267 91 17841 81 560 72 3159 9 13259 50 154 10 158 91 2294
86 9601 37 1130 1 889 24 2302 20 7517 75 18612
86 18899 49 4227 87 3204 29 3350 75 857
86 778 95 1844 90 5871 22 19483 96 18415
86 5730 69 2390 70 14411 67 1701 4 14827 83 1692
86 5239 98 301 68 951 56 5102 77 6195
86 1214 54 15855 67 409 30 14406 94 6075
86 5047 3 3360 82 12064
86 5161 43 6803 25 258 83 6557
87 12366 57 13039 65 4501 53 666 96 1044
87 941 28 7923 24 4778 74 11906
87 625 60 738 90 5563 17 8708 40 4745 61 489
87 1180 4 10344 73 37063
87 4447 81 6046 99 14820
87 6159 81 12579 51 19100 76 8061 44 8100 66 2814
87 603 90 1179 44 13182 37 960 4 9225 39 1775 95 3865
87 313 62 19995 75 9888 54 2399 56 12357 58 170 99 1360
87 14564 54 217 47 830 64 2114 13 13863 2 6632 71 12856
87 11697 35 13462 30 7858 53 2437
87 271 54 4357 62 4636 28 5334 34 5697 94 7355
87 2873 15 6257 95 1253
87 1743 90 916 81 708 89 4858
87 3225 52 2541 13 12 3 5329 65 3129
87 11773 1 649 26 2023 98 3079
87 12051 99 633 88 2697 86 3156 49 1881 12 5217 90 2511
87 13466 65 5795 13 14731 50 11757 75 2526
87 3044 54 58 20 5048 92 9288
87 9090 62 4049 66 1920 82 3529
87 951 48 11755 37 325 23 4852 78 3273
87 2097 10 83 88 3513 8 697 60 800
87 6334 78 4295 24 7276 32 2706 8 987 37 9126
87 686 62 305 83 19671
87 8012 92 15116 95 2353
87 1192 17 49 48 7140 24 7765 47 16652 97 1290
87 1346 72 14234 96 14112
87 11529 89 2390 95 931
88 22568 81 7162 18 5396 9 29373 12 2973 59 13301
88 31715 12 1402 1 1709 18 11697 90 2043
88 2988 73 17369 24 1105 85 11141
88 4749 37 2355 77 2548 43 312 87 2756
88 4741 63 3215 84 3206 31 7107 10 3242 75 461
88 8011 75 2822 48 2008 12 1831 71 215
88 14611 53 10417 49 7534 26 3481 42 6422 45 1335 3 1730 88 8626
88 4534 43 4217 95 2911
88 6812 65 5202 49 6979 64 14963
88 2853 37 4986 74 772
88 5407 12 6242 27 1043 42 429
88 318 74 2098 33 68 95 8702
88 458 64 283 37 100 69 2758 96 5917
88 4920 99 8997 48 12288 44 2902 49 353 11 11898 49 9274
88 2304 64 578 98 3253 28 5813 86 2507 12 2655 25 2921 72 65 60 4089 16 2041 23 114 70 904
88 2671 71 1233 86 1166 82 5490 78 3619 24 294 61 1363
88 655 78 13768 28 15071 43 2568
89 15429 17 7697 95 6732
89 848 83 2362 52 8660 37 9179 91 107
89 11128 98 1053 62 2961 89 3063
89 10063 53 4111 48 267 72 1332 61 6435 41 10293 10 5038 43 918 31 9955 84 11162
89 2262 4 1371 8 2795 6 137 67 11476
89 3396 39 4217 35 1333 95 1811
89 21821 9 2423 87 280
89 1658 41 9148 58 2384 91 878
89 4805 4 13392 56 12096
89 2918 51 1806 80 1878
89 91 92 8320 37 3532 76 10357 23 19111 10 1569 46 1137
89 15862 83 2047 56 1596 37 1562 93 5028
89 1294 32 10113 44 951 9 708 76 5714
89 11850 71 1140 70 3925 30 6945 18 7856 30 1390 80 15526
89 12457 39 11104 6 3904 95 960
89 1512 13 6030 85 8349 47 150 3 11445 20 2694 37 8361
89 908 63 4790 71 3837 97 6034
89 1590 46 7269 18 1423 63 7183
89 5104 64 14173 50 643 32 2491 13 9084 55 6657
89 3614 95 819
89 10627 38 11143 70 4910 34 1515 61 488
89 2292 61 843 82 4837 90 4794
89 3857 60 652 81 7489 27 32089 58 214 8 810 44 7898 24 2012 87 8123
89 6942 53 12244 24 12821 71 17097
89 14454 62 490 17 1692 54 1512 85 21395
89 3091 79 575 63 2484 69 22456
90 334 94 536 28 2381 54 1760 32 1900 78 12161
90 429 32 7578 54 3038 31 16107 65 1748
90 17824 74 425 22 14830 56 13993 72 10569
90 7246 24 6125 66 6930 67 296 32 1213 27 7027 52 14505
90 2764 11 661 62 1630 44 9565 85 2428
90 4680 86 7679 76 8209 21 10555 59 3068
90 9765 50 13676 21 12648 68 13142
90 1855 42 1134 81 9445 57 2036 19 739 13 28463 31 10463
90 107 24 2129 0 5985 47 2361 29 9151 84 1180
90 2874 48 17287 29 5744 95 3618
90 894 43 236 98 4213
90 349 32 7677 15 6043 47 8621 96 9058
90 803 88 1813 68 1587 7 524 86 667
90 311 95 2643 40 11190 42 408 35 907 19 4764 39 3347 73 4284
90 9626 3 2660 52 3173 40 20022 83 4991
90 2187 35 9910 34 7647 3 2725 14 2169
90 2035 99 2762 44 2620 19 2102 52 5294 30 9412 14 7280 9 22604 89 1697
90 851 44 445 8 7151 9 3436 41 2464 53 1483 32 6013 65 5961
90 9631 7 161 49 837 2 1996 34 1980 20 3261 19 4179 76 542
90 6796 88 1335 40 912 56 3624 14 8041 80 422
90 10629 76 21382 30 3995 59 9010
90 2429 77 7053 41 4897 88 7659
90 13663 14 4548 73 1774 19 290 11 6651 66 9335 52 2851 78 1959
90 3200 21 4271 97 19903 16 10447 12 82 52 2124
90 1012 74 5975 29 3886 81 12587
90 6006 71 2336 42 3291 7 12976 59 22263
90 13531 80 2891 66 4751 0 1901 24 97 37 2979 59 1491
91 2162 96 772 18 1448 27 3204 39 778
91 6444 39 1832 93 1890 57 13515 16 7353 98 4735
91 1735 37 2244 95 799
91 9037 59 4471 56 1659 21 24 29 8853 24 4030 6 2719 43 640
91 1917 90 527 9 9179 62 3261 41 21871 80 4624
91 2318 45 9792 71 9736 97 1954
91 255 17 3711 68 14563
91 4850 60 93 51 14074 18 20680 30 5372 67 7411
91 2348 82 14 24 988 6 6254 29 1510 56 880 88 5769
91 3403 82 799 93 6928 20 1089 24 769 33 11186 12 6003 51 1128
91 4037 24 3827 19 3001 23 566 2 2636 84 188
91 6 41 713 65 842 25 2526 0 19383 56 3987
91 16518 1 1842 18 379 9 411 33 3489 71 2321
91 6990 21 848 74 3799
91 4737 18 2873 1 2607 79 5439
91 8120 4 857 96 5980
91 4102 65 171 32 3220 89 9476
91 2248 55 8163 41 15172 1 6562 41 9757 2 1924 37 1100
91 7 21 5752 48 1556 85 5156
91 1242 79 5689 61 6876 7 1433 81 17733
91 7843 67 2844 19 9615 83 492 52 1571 82 2054
91 6596 96 1566 91 3423 16 2203 22 3936 97 15481
91 9353 11 1688 45 9959 76 388
91 2322 57 14771 43 3800 94 8504
91 940 53 2149 26 4496 55 4119 38 3163 92 21359
92 9839 69 501 90 4939 25 7163 45 10062 99 646
92 2300 85 9377 56 3144 50 354 44 13017 52 3895 57 8
92 8099 7 6634 35 1943 13 3124 36 610
92 14015 70 12078 92 498 73 11836 4 425 60 1510
92 4097 61 11114 25 6882 33 8317 13 5455 17 21877 96 1742
92 13481 33 8022 40 4627 78 819
92 7809 43 197 46 1650 92 3969
92 5233 61 1867 11 7097 66 7762
92 4528 44 16226 20 2467 21 4703 90 3127
92 2716 61 4854 72 1955 2 11388 83 1265 88 4114
92 3961 47 15717 38 6711 29 6091 76 8713
92 1759 20 10137 14 5742 89 16936
92 11676 47 8278 40 5324 1 3260 8 11912 43 9423 48 600
92 2301 23 1031 62 4783
92 1190 81 7554 22 5179 66 9619 62 3916 61 5184 40 3433 85 11517
92 8934 67 1050 59 1948 33 7138 64 7428 97 3374
92 4789 84 916 30 8437 20 2464 7 1136 4 1480 9 864 91 3628
92 14465 16 27677 70 421
92 2337 45 3235 55 16538 48 12729 80 230
92 6115 96 81 11 6241 41 18609 92 24
93 490 69 9510 94 6975 59 675 53 3926 83 9914
93 4312 47 10848 20 1026 91 434
93 1872 88 4766 96 6759 5 5717 28 6854 80 1643
93 7498 73 10706 79 7146 85 5159 2 7533 17 213 71 968
93 3920 22 993 43 30 83 1751
93 5369 49 464 74 2696 47 19097 52 11424 42 18681 78 1428
93 2912 83 7078 27 11528 34 4775 35 467 67 3345
93 15814 16 5992 76 1453
93 6288 0 10298 85 4774
93 777 67 11645 89 1014
93 470 87 3297 78 1105 25 1219 23 1390 86 9432
93 83 65 13491 71 1491 58 859 97 2340
93 3509 16 17 5 8472 55 59 80 2835
93 6446 22 8545 86 6432 47 4020 5 2064 40 250
93 12514 58 11214 40 1139 12 13386 82 2723
93 451 91 4704 59 8034 31 8089 39 14255 78 10379
93 11788 53 2177 9 2709 71 2239
93 2121 83 2665 20 4638 10 160 31 273 90 1377
93 3928 44 3555 35 377 18 653 1 8090 7 16055 70 8570
93 11279 83 2462 64 6261 65 9025 49 6104 63 2754
93 4062 39 23089 48 3024 76 4811
94 7093 91 12042 39 653 10 1361 7 24819 4 5813 20 65 50 7016 30 458 82 6556
94 617 33 16544 7 9611 0 11002 10 231 90 3892
94 20494 65 4702 61 5866 23 9051 83 5535
94 1467 48 5949 31 12651 2 9117 88 6476
94 18633 46 6750 89 7724 80 2685 13 6070 46 15031 20 33627 42 1604 61 992
94 17019 27 10406 12 352 2 3289 45 280
94 7773 3 161 88 63
94 853 73 1610 24 7312 16 2209 45 20496 97 696
94 7631 49 1619 53 24310 38 4201 10 11212 27 3723 60 9194
94 7915 30 14848 70 49925
94 24 36 19312 5 1266 74 1320
94 1827 58 1496 54 4873 76 8580
94 1677 65 10422 14 2576 0 2442 47 2856 48 3988 12 5854 91 1342
94 6630 84 7605 73 16290 72 7314 17 2981 36 8369 71 10768
94 9979 49 389 37 1585 16 2733 12 195 10 6874 17 642 24 3634 45 5438
94 14142 16 9761 10 2509 2 18141 20 1690 22 2517 43 7950
94 637 19 12966 28 15951 60 10040
94 1809 40 5553 11 1132 27 8108 11 3145 37 437
94 571 11 4392 70 3107 82 375
94 638 66 23744 39 15322 35 7644 24 4865 18 2438 16 1309 99 5553
95 322 91 3749 62 2166 84 21797 4 7034 10 3478 56 197 60 3607 26 6866 32 2549 95 5107
95 2660 55 5108 28 2534 98 2584
95 12158 78 658 53 2901 52 7423 99 3181 68 2234 76 1376 75 12970 92 3127
95 702 80 7162 88 26 26 360 90 7765
95 3462 97 991 76 3935 48 1387 34 2189 82 1669
95 3357 89 4498 75 5543 35 20161 64 5226 6 1657 52 4505 14 3501 4 7458 60 1002
95 1250 56 5990 43 3802 47 1619 6 4633 25 6731 1 8969 97 567
95 8652 93 1677 96 6428 92 1194 22 2009 91 5486
95 1078 30 5047 23 6826 83 2194 80 1728 27 13138 36 12881 7 3116 41 6007 43 2805 99 447
95 2308 41 2165 10 317 29 12878 16 3125 92 2132
95 6406 91 23029 43 1941 89 732 2 4820 90 4317
95 912 30 2174 2 8504 22 6710 45 17269
95 723 1 4515 44 9299 90 2564
95 2849 36 641 12 1480 79 11876 48 589 49 2832 39 10449 11 843 20 12545 60 1509
95 6244 42 7815 31 2189 47 4933
95 1431 54 4490 77 2567 45 930 79 4635 65 6715 16 5388 67 3911
95 5797 14 5000 62 4408 0 3233 44 896 57 1671 10 7144 97 441
95 5310 84 11497 68 6930 28 11893 64 3876
95 5365 48 2519 34 168 74 6891 13 2614 83 4377
95 1656 78 9216 8 465 13 725 24 2969 46 9972
95 5879 32 2257 54 6277 79 10496
95 4140 38 3162 87 2528 29 919 13 1001 91 459
95 967 1 1653 26 4190 21 1311 89 11573
95 2240 54 1531 4 836 78 1833
95 2253 37 6740 87 405 29 5014 25 4316 53 11673 70 7358
95 5250 82 34840 18 2542 91 3706
95 13546 98 4782 26 6260 23 4732 26 3750 51 7839
95 7111 42 3401 14 809 46 9709
95 4056 71 4866 78 939 21 8386 3 7190 33 7937
95 4351 48 2241 74 2313 84 1868 42 1119 52 6931 49 2042 30 2798 71 523
95 19178 48 2108 78 1915
96 10080 42 2057 87 8688 69 11177 52 17893 13 140 66 1261
96 13955 32 6531 3 3476 38 2983 39 1167 17 6474 63 3066
96 532 93 13601 88 3166 98 569 26 2440 71 7475 67 9891 32 3132 14 6393 60 674
96 8809 54 20027 9 5302 37 4027 86 7634
96 5401 80 6947 88 2545
96 907 76 17376 64 6679 43 2757 77 3464
96 4344 77 11441 59 3648 96 2892 63 2641 99 10489
96 3056 72 4697 64 2812 56 4674 51 247 73 1610
96 520 69 2108 86 3878 34 3297 8 2725 81 331
96 2882 71 1617 85 50 2 7608 94 3218
96 18724 11 5873 24 190 45 4207 63 14216
96 1276 67 10507 88 3887
96 3264 25 700 93 9907
96 9327 7 15570 96 8666 62 8360 13 7383 92 6354
96 1333 36 14031 48 4105 69 2835
96 5245 20 7608 50 4399 10 7414 84 7281
96 10633 49 7613 28 1094 87 2622 39 9605 21 4665 97 20724
96 1611 87 2123 69 411 19 7762 16 6061 11 9911 49 1135
96 13673 27 8953 45 854 40 13660 29 3545 17 5967 4 8236 79 179
96 4045 49 6639 47 1865 27 7538 92 7795
96 15698 99 1054 94 16844 29 3786 10 2974 81 1256
96 6430 88 1887 48 10701 66 15485 65 269 20 5805 95 17705
96 106 45 3734 61 7483
96 3194 93 4842 7 5883 52 927
96 4937 14 22391 9 243 21 6116
96 971 9 10828 76 3135 68 11074 81 857
96 4279 26 8838 22 2255 96 1949
97 8887 19 1275 21 766 72 12756 52 1164 68 2532
97 405 72 686 99 9647 19 1014 78 1457 85 7117 30 4935 35 2751 37 1200 67 1432
97 4051 21 3282 60 1501 44 995 3 8300 61 914
97 2468 62 23444 92 1743 71 12472 97 21598
97 6060 38 11671 32 8817 5 4160 7 358 70 9323
97 6061 23 4107 5 7852 48 11745 55 3633 26 2211 9 2374 38 522 76 6559
97 438 92 6891 86 3112 69 4626 98 26065
97 7320 98 1416 22 11489 55 2029 89 3694
97 991 69 16490 67 7831 84 9932
97 606 32 2011 5 750 91 5160
97 7207 10 2541 20 2280 99 1067
97 17151 89 660 69 10715 14 676 53 12346 11 3882 3 3790 63 1188
97 23219 88 5546 2 4873 21 3182 43 2004
97 9236 54 2609 68 619 37 6134 16 10459 77 7646
97 1577 94 6487 82 12108 26 7438 16 26080 19 17202 26 1357 98 8913
97 2643 59 19923 24 312 44 580 82 2168
97 1860 31 20742 97 10085
97 208 30 7856 48 400
97 8691 36 3333 85 2833
97 8092 59 6930 20 5160 21 2816 45 1754
97 2001 92 1985 66 653 80 3202
97 1359 72 6963 37 2208 57 5655 68 11923 25 1139 52 2575
97 4276 25 66 54 2766 66 4138
98 5323 55 7859 53 1710 45 3945 43 4635 59 2251
98 14757 96 2189 19 5760 31 1917 33 812 93 17638
98 566 33 11704 11 912 43 1766
98 7469 3 14744 20 5157 76 5909
98 3924 3 1027 47 3487 72 27752
98 489 93 4206 15 6496 23 2410
98 331 88 5810 8 13256 97 1775
98 7878 7 415 15 2161 46 22746 27 203 34 9798 8 5136 88 7666
98 9059 65 3029 64 7153 52 5305 43 1341 44 15212 21 7895 78 4792
98 973 6 3366 30 3428 68 1227
98 742 38 17052 66 52
98 18671 0 11157 79 19655
98 5115 87 627 58 1185 39 4102 12 7303 14 10744 42 1474
98 13302 32 1617 30 2946 58 2925
98 10750 68 2167 79 4990 59 5345 40 27621 62 1903
98 89 83 8148 22 7772 6 4516 59 3285
98 7374 78 15229 79 13129 25 3584 68 37935 71 5173
98 3028 9 5919 92 9239
98 14135 87 5706 25 1793 97 57
98 14227 28 98 69 9560
98 5013 65 4850 69 7640 44 2466 97 1277
99 5253 82 5941 28 1065 16 331 34 4556 60 1475
99 265 19 5507 85 4547
99 8 39 9120 51 1292 87 2249
99 8451 22 5099 36 20125 38 12509 14 5229 2 2417 56 523
99 5163 50 26054 61 2755 13 1578 47 6627 90 2923
99 1698 61 6514 94 3342
99 5775 56 783 35 1691 20 4352 26 5008 82 22058
99 1502 73 7831 15 2808 7 2374 61 991
99 169 48 3957 64 1124 53 3851 57 2637 41 21885 98 2806
99 7749 93 1426 22 14 35 3225 32 2879 6 41 26 2754
99 7548 89 2846 32 3790 5 4496 98 4241
99 5501 34 1361 29 8150 32 831 12 7850 55 1961
99 9190 87 864 46 3220 93 413
99 27775 83 9808 41 603 43 5381 87 4625
99 7286 95 6794 63 3751 69 3466 63 23980 91 24146
99 4276 87 2450 99 2662 22 3195 15 1719 14 720 40 14598 53 8522
99 2138 35 11858 55 3092 9 16354 24 2362 76 2406
99 20881 94 21741 8 3538 88 1339 73 2588 84 10375
99 2792 14 31853 3 5058 45 7984
99 462 96 6545 78 1023 9 1760 50 18006 76 1054
99 2377 84 6769 8 3597 41 30778 38 917 47 15211
99 17599 95 12720
99 4156 57 2191 34 4100 91 6138
99 832 44 2388 51 4896 97 8097
97 14907
